100 0.392699 1.000000 0.000000 98.812000 1.089400
100 0.392699 1.010000 0.000000 100.100000 1.121000
100 0.392699 1.020000 0.000000 90.245000 1.085600
100 0.392699 1.030000 0.000000 93.041000 1.122200
100 0.392699 1.040000 0.000000 97.486000 1.126800
100 0.392699 1.050000 0.000000 74.152000 1.124300
100 0.392699 1.060000 0.000000 58.760000 1.107900
100 0.392699 1.070000 0.000000 59.677000 1.092800
100 0.392699 1.080000 0.000000 71.521000 1.107800
100 0.392699 1.090000 0.000000 47.711000 1.037000
100 0.392699 1.100000 0.000000 51.576000 1.061200
100 0.392699 1.110000 0.000000 48.540000 1.074400
100 0.392699 1.120000 0.000000 53.592000 1.123900
100 0.392699 1.130000 0.000000 43.551000 1.079400
100 0.392699 1.140000 0.000000 48.247000 1.088300
100 0.392699 1.150000 0.000000 46.560000 1.077300
100 0.392699 1.160000 0.000000 38.247000 1.016600
100 0.392699 1.170000 0.000000 35.459000 1.025200
100 0.392699 1.180000 0.000000 36.677000 1.017300
100 0.392699 1.190000 0.000000 35.993000 1.052200
100 0.392699 1.200000 0.000000 36.887000 1.024700
100 0.392699 1.210000 0.000000 35.660000 1.071100
100 0.392699 1.220000 0.000000 31.945000 1.038100
100 0.392699 1.230000 0.000000 36.184000 1.047300
100 0.392699 1.240000 0.000000 33.801000 1.031400
100 0.392699 1.250000 0.000000 30.592000 1.022700
100 0.392699 1.260000 0.000000 31.211000 1.038900
100 0.392699 1.270000 0.000000 31.106000 1.034600
100 0.392699 1.280000 0.000000 29.181000 1.028200
100 0.392699 1.290000 0.000000 28.996000 1.001800
100 0.392699 1.300000 0.000000 27.911000 1.016400
100 0.392699 1.310000 0.000000 25.057000 0.971320
100 0.392699 1.320000 0.000000 23.475000 1.032000
100 0.392699 1.330000 0.000000 26.131000 1.012800
100 0.392699 1.340000 0.000000 29.572000 1.055700
100 0.392699 1.350000 0.000000 26.697000 1.041600
100 0.392699 1.360000 0.000000 27.964000 0.951910
100 0.392699 1.370000 0.000000 23.843000 0.998900
100 0.392699 1.380000 0.000000 26.790000 1.026900
100 0.392699 1.390000 0.000000 20.351000 0.949550
100 0.392699 1.400000 0.000000 23.121000 0.953950
100 0.392699 1.410000 0.000000 25.030000 0.990520
100 0.392699 1.420000 0.000000 22.460000 0.951230
100 0.392699 1.430000 0.000000 22.829000 0.974600
100 0.392699 1.440000 0.000000 21.676000 0.997530
100 0.392699 1.450000 0.000000 22.113000 0.991330
100 0.392699 1.460000 0.000000 22.011000 1.001700
100 0.392699 1.470000 0.000000 22.171000 1.004300
100 0.392699 1.480000 0.000000 23.760000 1.033000
100 0.392699 1.490000 0.000000 22.160000 0.996490
100 0.392699 1.500000 0.000000 19.927000 0.965030
100 0.392699 1.510000 0.000000 21.885000 0.997070
100 0.392699 1.520000 0.000000 20.309000 0.957840
100 0.392699 1.530000 0.000000 21.660000 0.963830
100 0.392699 1.540000 0.000000 21.262000 0.963760
100 0.392699 1.550000 0.000000 20.176000 0.934640
100 0.392699 1.560000 0.000000 21.875000 1.009700
100 0.392699 1.570000 0.000000 20.085000 0.942090
100 0.392699 1.580000 0.000000 19.623000 0.965290
100 0.392699 1.590000 0.000000 17.922000 0.967890
100 0.392699 1.600000 0.000000 20.248000 0.959160
100 0.392699 1.610000 0.000000 16.678000 0.971290
100 0.392699 1.620000 0.000000 19.995000 1.013700
100 0.392699 1.630000 0.000000 19.759000 1.000100
100 0.392699 1.640000 0.000000 18.811000 0.913030
100 0.392699 1.650000 0.000000 19.090000 0.912940
100 0.392699 1.660000 0.000000 18.457000 0.956990
100 0.392699 1.670000 0.000000 19.531000 0.981580
100 0.392699 1.680000 0.000000 18.643000 0.937220
100 0.392699 1.690000 0.000000 19.554000 0.987730
100 0.392699 1.700000 0.000000 17.496000 1.000800
100 0.392699 1.710000 0.000000 17.842000 0.964970
100 0.392699 1.720000 0.000000 17.760000 0.959890
100 0.392699 1.730000 0.000000 15.968000 0.882810
100 0.392699 1.740000 0.000000 14.694000 0.944730
100 0.392699 1.750000 0.000000 17.673000 0.981960
100 0.392699 1.760000 0.000000 16.460000 0.955140
100 0.392699 1.770000 0.000000 15.945000 0.983820
100 0.392699 1.780000 0.000000 16.091000 0.917400
100 0.392699 1.790000 0.000000 15.342000 0.927750
100 0.392699 1.800000 0.000000 16.079000 0.916300
100 0.392699 1.810000 0.000000 14.102000 0.884660
100 0.392699 1.820000 0.000000 14.278000 0.970070
100 0.392699 1.830000 0.000000 14.402000 0.947830
100 0.392699 1.840000 0.000000 14.685000 0.902990
100 0.392699 1.850000 0.000000 14.807000 0.955400
100 0.392699 1.860000 0.000000 15.542000 0.950340
100 0.392699 1.870000 0.000000 14.803000 0.926300
100 0.392699 1.880000 0.000000 13.216000 0.893140
100 0.392699 1.890000 0.000000 14.342000 0.881290
100 0.392699 1.900000 0.000000 13.251000 0.904250
100 0.392699 1.910000 0.000000 14.646000 0.913900
100 0.392699 1.920000 0.000000 16.192000 0.979390
100 0.392699 1.930000 0.000000 13.923000 0.931470
100 0.392699 1.940000 0.000000 15.310000 0.925350
100 0.392699 1.950000 0.000000 12.945000 0.870650
100 0.392699 1.960000 0.000000 14.210000 0.927540
100 0.392699 1.970000 0.000000 14.525000 0.904310
100 0.392699 1.980000 0.000000 13.962000 0.910210
100 0.392699 1.990000 0.000000 13.764000 0.892710
100 0.392699 2.000000 0.000000 13.906000 0.909930
100 0.392699 2.010000 0.000000 14.490000 0.909720
100 0.392699 2.020000 0.000000 16.041000 0.878320
100 0.392699 2.030000 0.000000 12.495000 0.949650
100 0.392699 2.040000 0.000000 11.936000 0.915360
100 0.392699 2.050000 0.000000 13.445000 0.920020
100 0.392699 2.060000 0.000000 12.416000 0.879910
100 0.392699 2.070000 0.000000 13.643000 0.909210
100 0.392699 2.080000 0.000000 13.345000 0.890900
100 0.392699 2.090000 0.000000 14.667000 0.904440
100 0.392699 2.100000 0.000000 12.060000 0.852850
100 0.392699 2.110000 0.000000 12.001000 0.986270
100 0.392699 2.130000 0.000000 11.482000 0.875430
100 0.392699 2.140000 0.000000 11.220000 0.847050
100 0.392699 2.150000 0.000000 10.210000 0.916460
100 0.392699 2.160000 0.000000 12.750000 0.899640
100 0.392699 2.170000 0.000000 10.438000 0.837030
100 0.392699 2.180000 0.000000 11.822000 0.876340
100 0.392699 2.200000 0.000000 11.113000 0.862400
100 0.392699 2.210000 0.000000 11.477000 0.831940
100 0.392699 2.220000 0.000000 11.076000 0.898730
100 0.392699 2.230000 0.000000 10.211000 0.854320
100 0.392699 2.240000 0.000000 10.710000 0.848920
100 0.392699 2.260000 0.000000 9.726300 0.871430
100 0.392699 2.270000 0.000000 11.394000 0.852310
100 0.392699 2.290000 0.000000 10.981000 0.863820
100 0.392699 2.300000 0.000000 10.250000 0.885930
100 0.392699 2.310000 0.000000 10.050000 0.795960
100 0.392699 2.320000 0.000000 10.818000 0.883580
100 0.392699 2.340000 0.000000 9.918200 0.762870
100 0.392699 2.350000 0.000000 10.196000 0.824650
100 0.392699 2.370000 0.000000 8.907100 0.848900
100 0.392699 2.390000 0.000000 10.611000 0.851240
100 0.392699 2.400000 0.000000 10.570000 0.866000
100 0.392699 2.410000 0.000000 9.531600 0.796690
100 0.392699 2.420000 0.000000 12.326000 0.848550
100 0.392699 2.430000 0.000000 7.735400 0.791500
100 0.392699 2.440000 0.000000 7.582200 0.706540
100 0.392699 2.460000 0.000000 9.396300 0.817940
100 0.392699 2.490000 0.000000 7.834100 0.785390
100 0.392699 2.500000 0.000000 8.824100 0.834950
100 0.392699 2.520000 0.000000 9.507000 0.894340
100 0.392699 2.530000 0.000000 9.512200 0.802300
100 0.392699 2.550000 0.000000 8.051800 0.744410
100 0.392699 2.570000 0.000000 8.669700 0.776390
100 0.392699 2.580000 0.000000 8.340300 0.783310
100 0.392699 2.590000 0.000000 9.480500 0.811140
100 0.392699 2.600000 0.000000 7.465000 0.746830
100 0.392699 2.610000 0.000000 8.558600 0.764320
100 0.392699 2.620000 0.000000 7.958600 0.686190
100 0.392699 2.630000 0.000000 8.926200 0.900270
100 0.392699 2.640000 0.000000 7.763100 0.776910
100 0.392699 2.650000 0.000000 7.473200 0.780400
100 0.392699 2.660000 0.000000 7.831100 0.720260
100 0.392699 2.670000 0.000000 8.889700 0.863430
100 0.392699 2.680000 0.000000 8.606700 0.809040
100 0.392699 2.690000 0.000000 7.612900 0.751280
100 0.392699 2.710000 0.000000 0.121140 1.121200
100 0.392699 2.720000 0.000000 7.279500 0.756920
100 0.392699 2.740000 0.000000 7.730400 0.700480
100 0.392699 2.770000 0.000000 7.085500 0.746070
100 0.392699 2.780000 0.000000 8.377800 0.744740
100 0.392699 2.790000 0.000000 7.042000 0.754460
100 0.392699 2.820000 0.000000 5.978300 0.706200
100 0.392699 2.830000 0.000000 6.229900 0.629340
100 0.392699 2.840000 0.000000 5.861900 0.615890
100 0.392699 2.990000 0.000000 0.201420 0.001000
100 0.628319 1.000000 0.000000 97.766000 1.281900
100 0.628319 1.010000 0.000000 91.348000 1.336100
100 0.628319 1.020000 0.000000 99.826000 1.350600
100 0.628319 1.030000 0.000000 100.100000 1.311600
100 0.628319 1.040000 0.000000 95.233000 1.305000
100 0.628319 1.050000 0.000000 98.857000 1.279100
100 0.628319 1.060000 0.000000 85.657000 1.308000
100 0.628319 1.070000 0.000000 84.407000 1.287600
100 0.628319 1.080000 0.000000 74.615000 1.304900
100 0.628319 1.090000 0.000000 70.390000 1.308700
100 0.628319 1.100000 0.000000 63.800000 1.262800
100 0.628319 1.110000 0.000000 70.797000 1.256300
100 0.628319 1.120000 0.000000 52.749000 1.221700
100 0.628319 1.130000 0.000000 55.565000 1.205800
100 0.628319 1.140000 0.000000 86.667000 1.320600
100 0.628319 1.150000 0.000000 57.502000 1.290000
100 0.628319 1.160000 0.000000 52.771000 1.224400
100 0.628319 1.170000 0.000000 54.861000 1.277000
100 0.628319 1.180000 0.000000 59.206000 1.273600
100 0.628319 1.190000 0.000000 48.115000 1.215400
100 0.628319 1.200000 0.000000 50.160000 1.248300
100 0.628319 1.220000 0.000000 43.291000 1.217200
100 0.628319 1.230000 0.000000 45.087000 1.241900
100 0.628319 1.240000 0.000000 44.341000 1.242700
100 0.628319 1.250000 0.000000 45.151000 1.224300
100 0.628319 1.260000 0.000000 39.909000 1.218700
100 0.628319 1.270000 0.000000 41.631000 1.229300
100 0.628319 1.290000 0.000000 36.976000 1.230700
100 0.628319 1.300000 0.000000 41.163000 1.215900
100 0.628319 1.310000 0.000000 37.566000 1.233200
100 0.628319 1.320000 0.000000 35.228000 1.171400
100 0.628319 1.330000 0.000000 34.317000 1.201300
100 0.628319 1.340000 0.000000 36.256000 1.186100
100 0.628319 1.350000 0.000000 36.876000 1.201600
100 0.628319 1.360000 0.000000 35.182000 1.163200
100 0.628319 1.370000 0.000000 37.983000 1.246500
100 0.628319 1.380000 0.000000 31.262000 1.187600
100 0.628319 1.390000 0.000000 36.545000 1.232200
100 0.628319 1.400000 0.000000 32.103000 1.137900
100 0.628319 1.410000 0.000000 32.983000 1.154500
100 0.628319 1.430000 0.000000 29.777000 1.120600
100 0.628319 1.440000 0.000000 32.188000 1.205600
100 0.628319 1.450000 0.000000 31.107000 1.172500
100 0.628319 1.460000 0.000000 32.192000 1.185400
100 0.628319 1.470000 0.000000 29.017000 1.183200
100 0.628319 1.480000 0.000000 29.798000 1.137700
100 0.628319 1.490000 0.000000 28.998000 1.176400
100 0.628319 1.500000 0.000000 31.040000 1.191100
100 0.628319 1.510000 0.000000 28.462000 1.172900
100 0.628319 1.520000 0.000000 28.417000 1.126600
100 0.628319 1.530000 0.000000 27.318000 1.217500
100 0.628319 1.540000 0.000000 29.134000 1.164000
100 0.628319 1.550000 0.000000 27.806000 1.190100
100 0.628319 1.560000 0.000000 26.696000 1.130700
100 0.628319 1.570000 0.000000 27.447000 1.136900
100 0.628319 1.580000 0.000000 24.442000 1.106600
100 0.628319 1.590000 0.000000 25.893000 1.160200
100 0.628319 1.600000 0.000000 25.362000 1.111300
100 0.628319 1.610000 0.000000 25.896000 1.120100
100 0.628319 1.620000 0.000000 26.056000 1.172000
100 0.628319 1.630000 0.000000 27.155000 1.199800
100 0.628319 1.640000 0.000000 26.420000 1.136300
100 0.628319 1.650000 0.000000 26.455000 1.165900
100 0.628319 1.660000 0.000000 23.937000 1.163700
100 0.628319 1.670000 0.000000 22.560000 1.074300
100 0.628319 1.680000 0.000000 27.527000 1.102400
100 0.628319 1.690000 0.000000 24.522000 1.097200
100 0.628319 1.700000 0.000000 24.362000 1.095100
100 0.628319 1.710000 0.000000 25.653000 1.063000
100 0.628319 1.720000 0.000000 24.688000 1.131000
100 0.628319 1.730000 0.000000 23.259000 1.074600
100 0.628319 1.740000 0.000000 22.507000 1.094300
100 0.628319 1.750000 0.000000 21.975000 1.104600
100 0.628319 1.760000 0.000000 21.577000 1.090900
100 0.628319 1.770000 0.000000 21.073000 1.096900
100 0.628319 1.780000 0.000000 21.176000 1.113500
100 0.628319 1.790000 0.000000 22.197000 1.060400
100 0.628319 1.800000 0.000000 21.429000 1.070300
100 0.628319 1.810000 0.000000 21.954000 1.066000
100 0.628319 1.820000 0.000000 21.472000 1.098000
100 0.628319 1.830000 0.000000 21.195000 1.050000
100 0.628319 1.840000 0.000000 21.618000 1.045200
100 0.628319 1.850000 0.000000 20.661000 1.110300
100 0.628319 1.860000 0.000000 21.333000 1.099200
100 0.628319 1.870000 0.000000 21.703000 1.026500
100 0.628319 1.880000 0.000000 19.342000 1.068600
100 0.628319 1.890000 0.000000 18.976000 1.101500
100 0.628319 1.900000 0.000000 20.471000 1.038700
100 0.628319 1.910000 0.000000 19.990000 1.036600
100 0.628319 1.920000 0.000000 20.935000 1.050300
100 0.628319 1.930000 0.000000 21.402000 1.084100
100 0.628319 1.940000 0.000000 20.207000 1.061100
100 0.628319 1.950000 0.000000 18.310000 1.011800
100 0.628319 1.960000 0.000000 17.480000 1.008900
100 0.628319 1.970000 0.000000 20.807000 1.060400
100 0.628319 1.980000 0.000000 19.058000 1.043600
100 0.628319 1.990000 0.000000 19.797000 0.991890
100 0.628319 2.000000 0.000000 18.828000 1.028000
100 0.628319 2.010000 0.000000 17.333000 0.954670
100 0.628319 2.020000 0.000000 17.590000 1.020400
100 0.628319 2.030000 0.000000 18.247000 1.022600
100 0.628319 2.040000 0.000000 17.566000 0.971730
100 0.628319 2.050000 0.000000 17.190000 0.988390
100 0.628319 2.060000 0.000000 18.124000 1.060700
100 0.628319 2.070000 0.000000 17.055000 0.981060
100 0.628319 2.080000 0.000000 18.521000 0.982250
100 0.628319 2.090000 0.000000 17.860000 0.982550
100 0.628319 2.100000 0.000000 16.083000 0.937110
100 0.628319 2.110000 0.000000 16.781000 0.982040
100 0.628319 2.120000 0.000000 16.917000 1.021600
100 0.628319 2.130000 0.000000 14.556000 0.944860
100 0.628319 2.140000 0.000000 16.322000 0.921410
100 0.628319 2.150000 0.000000 16.803000 0.963440
100 0.628319 2.160000 0.000000 15.007000 0.917150
100 0.628319 2.170000 0.000000 16.690000 0.991220
100 0.628319 2.180000 0.000000 15.880000 0.959040
100 0.628319 2.190000 0.000000 15.904000 0.956960
100 0.628319 2.200000 0.000000 16.240000 0.875100
100 0.628319 2.220000 0.000000 15.696000 0.911620
100 0.628319 2.230000 0.000000 14.304000 0.907490
100 0.628319 2.240000 0.000000 15.915000 0.932350
100 0.628319 2.250000 0.000000 16.741000 0.952320
100 0.628319 2.260000 0.000000 14.924000 0.915420
100 0.628319 2.270000 0.000000 13.716000 0.887620
100 0.628319 2.280000 0.000000 15.979000 0.909720
100 0.628319 2.290000 0.000000 15.784000 0.959750
100 0.628319 2.300000 0.000000 15.129000 0.997330
100 0.628319 2.310000 0.000000 15.249000 0.873210
100 0.628319 2.320000 0.000000 14.419000 0.891350
100 0.628319 2.330000 0.000000 14.045000 0.874660
100 0.628319 2.340000 0.000000 14.572000 0.930350
100 0.628319 2.350000 0.000000 14.656000 0.890340
100 0.628319 2.360000 0.000000 14.940000 0.961610
100 0.628319 2.370000 0.000000 13.876000 0.892330
100 0.628319 2.380000 0.000000 15.446000 0.922950
100 0.628319 2.390000 0.000000 13.130000 0.869250
100 0.628319 2.400000 0.000000 11.929000 0.743270
100 0.628319 2.410000 0.000000 13.220000 0.867060
100 0.628319 2.420000 0.000000 13.122000 0.798340
100 0.628319 2.430000 0.000000 13.561000 0.785810
100 0.628319 2.440000 0.000000 14.266000 0.866170
100 0.628319 2.450000 0.000000 13.028000 0.865080
100 0.628319 2.460000 0.000000 11.959000 0.826940
100 0.628319 2.470000 0.000000 11.954000 0.842940
100 0.628319 2.480000 0.000000 12.499000 0.803960
100 0.628319 2.490000 0.000000 13.471000 0.798580
100 0.628319 2.500000 0.000000 15.384000 0.913720
100 0.628319 2.510000 0.000000 12.731000 0.877060
100 0.628319 2.520000 0.000000 11.887000 0.760970
100 0.628319 2.530000 0.000000 13.328000 0.728370
100 0.628319 2.540000 0.000000 11.596000 0.842960
100 0.628319 2.550000 0.000000 11.141000 0.710690
100 0.628319 2.570000 0.000000 14.251000 0.855160
100 0.628319 2.580000 0.000000 12.952000 0.779750
100 0.628319 2.590000 0.000000 10.558000 0.696990
100 0.628319 2.600000 0.000000 11.844000 0.771550
100 0.628319 2.610000 0.000000 10.786000 0.698620
100 0.628319 2.630000 0.000000 13.197000 0.849600
100 0.628319 2.640000 0.000000 12.102000 0.828480
100 0.628319 2.650000 0.000000 10.551000 0.770840
100 0.628319 2.660000 0.000000 10.350000 0.710030
100 0.628319 2.670000 0.000000 11.470000 0.783040
100 0.628319 2.680000 0.000000 11.501000 0.624740
100 0.628319 2.690000 0.000000 11.291000 0.691590
100 0.628319 2.700000 0.000000 11.666000 0.789330
100 0.628319 2.710000 0.000000 11.239000 0.718010
100 0.628319 2.720000 0.000000 11.113000 0.753710
100 0.628319 2.730000 0.000000 10.709000 0.735500
100 0.628319 2.740000 0.000000 10.524000 0.654440
100 0.628319 2.770000 0.000000 10.791000 0.771780
100 0.628319 2.780000 0.000000 9.672500 0.500650
100 0.628319 2.790000 0.000000 10.374000 0.711210
100 0.628319 2.810000 0.000000 9.250900 0.560690
100 0.628319 2.820000 0.000000 11.385000 0.752680
100 0.628319 2.840000 0.000000 9.437500 0.576700
100 0.628319 2.850000 0.000000 10.692000 0.730390
100 0.628319 2.860000 0.000000 10.197000 0.663570
100 0.628319 2.870000 0.000000 9.227700 0.623100
100 0.628319 2.890000 0.000000 11.052000 0.625490
100 0.628319 2.900000 0.000000 8.489300 0.479920
100 0.628319 2.910000 0.000000 9.108900 0.598860
100 0.628319 2.920000 0.000000 9.745300 0.517890
100 0.628319 2.930000 0.000000 8.772700 0.443360
100 0.628319 2.940000 0.000000 10.584000 0.639790
100 0.628319 2.950000 0.000000 7.690200 0.476310
100 0.628319 2.960000 0.000000 8.451700 0.512850
100 0.628319 2.970000 0.000000 8.882600 0.453090
100 0.628319 2.980000 0.000000 8.692000 0.404440
100 0.628319 2.990000 0.000000 6.885400 0.155370
100 0.628319 3.010000 0.000000 7.653500 0.347100
100 0.628319 3.020000 0.000000 9.831400 0.594770
100 0.628319 3.040000 0.000000 8.498000 0.337490
100 0.628319 3.050000 0.000000 6.489100 0.193360
100 0.628319 3.060000 0.000000 6.007500 0.106220
100 0.628319 3.070000 0.000000 7.344300 0.474340
100 0.628319 3.080000 0.000000 7.496100 0.477460
100 0.628319 3.090000 0.000000 7.029800 0.217280
100 0.628319 3.100000 0.000000 7.085200 0.302700
100 0.628319 3.110000 0.000000 6.710900 0.241800
100 0.628319 3.130000 0.000000 5.959500 0.105020
100 0.628319 3.140000 0.000000 5.100800 0.067938
100 1.047198 1.000000 0.000000 98.799000 1.569800
100 1.047198 1.010000 0.000000 99.290000 1.523800
100 1.047198 1.020000 0.000000 100.100000 1.527900
100 1.047198 1.030000 0.000000 97.549000 1.525300
100 1.047198 1.040000 0.000000 100.040000 1.481300
100 1.047198 1.050000 0.000000 97.189000 1.538100
100 1.047198 1.060000 0.000000 100.100000 1.538500
100 1.047198 1.070000 0.000000 96.298000 1.543800
100 1.047198 1.080000 0.000000 94.460000 1.563100
100 1.047198 1.090000 0.000000 95.502000 1.552100
100 1.047198 1.100000 0.000000 87.043000 1.496200
100 1.047198 1.110000 0.000000 89.580000 1.514700
100 1.047198 1.120000 0.000000 75.894000 1.470300
100 1.047198 1.130000 0.000000 81.582000 1.551500
100 1.047198 1.140000 0.000000 72.432000 1.477800
100 1.047198 1.150000 0.000000 66.473000 1.516400
100 1.047198 1.160000 0.000000 71.990000 1.489000
100 1.047198 1.170000 0.000000 68.998000 1.455100
100 1.047198 1.180000 0.000000 70.059000 1.471900
100 1.047198 1.190000 0.000000 63.403000 1.495000
100 1.047198 1.200000 0.000000 70.098000 1.534300
100 1.047198 1.210000 0.000000 63.404000 1.472500
100 1.047198 1.220000 0.000000 54.586000 1.442400
100 1.047198 1.230000 0.000000 59.395000 1.483200
100 1.047198 1.240000 0.000000 56.474000 1.418700
100 1.047198 1.250000 0.000000 55.231000 1.438500
100 1.047198 1.260000 0.000000 52.599000 1.429400
100 1.047198 1.270000 0.000000 50.610000 1.429800
100 1.047198 1.280000 0.000000 51.277000 1.452500
100 1.047198 1.290000 0.000000 49.126000 1.362900
100 1.047198 1.300000 0.000000 50.461000 1.457800
100 1.047198 1.310000 0.000000 49.337000 1.413400
100 1.047198 1.320000 0.000000 44.028000 1.367900
100 1.047198 1.330000 0.000000 40.384000 1.380700
100 1.047198 1.340000 0.000000 46.745000 1.419400
100 1.047198 1.350000 0.000000 46.244000 1.401000
100 1.047198 1.360000 0.000000 42.941000 1.335800
100 1.047198 1.370000 0.000000 41.299000 1.339800
100 1.047198 1.380000 0.000000 42.699000 1.407100
100 1.047198 1.390000 0.000000 43.060000 1.387300
100 1.047198 1.400000 0.000000 38.423000 1.364700
100 1.047198 1.410000 0.000000 41.336000 1.409700
100 1.047198 1.420000 0.000000 40.420000 1.377700
100 1.047198 1.430000 0.000000 39.994000 1.357100
100 1.047198 1.440000 0.000000 38.411000 1.384900
100 1.047198 1.450000 0.000000 40.129000 1.304600
100 1.047198 1.460000 0.000000 37.808000 1.332600
100 1.047198 1.470000 0.000000 39.308000 1.396600
100 1.047198 1.480000 0.000000 38.150000 1.309800
100 1.047198 1.490000 0.000000 38.885000 1.346000
100 1.047198 1.500000 0.000000 36.155000 1.396400
100 1.047198 1.510000 0.000000 34.842000 1.294800
100 1.047198 1.520000 0.000000 38.138000 1.362500
100 1.047198 1.530000 0.000000 35.599000 1.322400
100 1.047198 1.540000 0.000000 37.037000 1.342600
100 1.047198 1.550000 0.000000 33.484000 1.265400
100 1.047198 1.560000 0.000000 32.970000 1.333600
100 1.047198 1.570000 0.000000 34.193000 1.282300
100 1.047198 1.580000 0.000000 31.632000 1.237900
100 1.047198 1.590000 0.000000 30.684000 1.254000
100 1.047198 1.600000 0.000000 33.187000 1.255500
100 1.047198 1.610000 0.000000 31.986000 1.305800
100 1.047198 1.620000 0.000000 30.943000 1.264700
100 1.047198 1.630000 0.000000 28.918000 1.267400
100 1.047198 1.640000 0.000000 27.705000 1.179800
100 1.047198 1.650000 0.000000 30.637000 1.256600
100 1.047198 1.660000 0.000000 29.257000 1.218200
100 1.047198 1.670000 0.000000 31.261000 1.237800
100 1.047198 1.680000 0.000000 28.340000 1.259400
100 1.047198 1.690000 0.000000 31.841000 1.310800
100 1.047198 1.700000 0.000000 29.785000 1.200700
100 1.047198 1.710000 0.000000 28.868000 1.200100
100 1.047198 1.720000 0.000000 26.909000 1.261600
100 1.047198 1.730000 0.000000 27.860000 1.228100
100 1.047198 1.740000 0.000000 29.700000 1.204600
100 1.047198 1.750000 0.000000 29.777000 1.195300
100 1.047198 1.760000 0.000000 26.956000 1.098200
100 1.047198 1.770000 0.000000 30.361000 1.202600
100 1.047198 1.780000 0.000000 26.570000 1.218700
100 1.047198 1.790000 0.000000 25.779000 1.174500
100 1.047198 1.800000 0.000000 26.638000 1.215800
100 1.047198 1.810000 0.000000 24.587000 1.099400
100 1.047198 1.820000 0.000000 25.621000 1.201000
100 1.047198 1.830000 0.000000 25.148000 1.175400
100 1.047198 1.840000 0.000000 25.579000 1.210400
100 1.047198 1.850000 0.000000 27.158000 1.129100
100 1.047198 1.860000 0.000000 23.964000 1.085500
100 1.047198 1.870000 0.000000 23.236000 1.065100
100 1.047198 1.880000 0.000000 23.823000 1.048700
100 1.047198 1.890000 0.000000 22.778000 1.011200
100 1.047198 1.900000 0.000000 23.719000 1.122100
100 1.047198 1.910000 0.000000 21.795000 1.082400
100 1.047198 1.920000 0.000000 22.074000 0.997460
100 1.047198 1.930000 0.000000 22.860000 1.094200
100 1.047198 1.940000 0.000000 23.725000 1.079600
100 1.047198 1.950000 0.000000 22.622000 1.081900
100 1.047198 1.960000 0.000000 24.027000 1.138500
100 1.047198 1.970000 0.000000 21.147000 0.959830
100 1.047198 1.980000 0.000000 21.640000 1.037900
100 1.047198 1.990000 0.000000 20.347000 0.937260
100 1.047198 2.000000 0.000000 21.420000 1.051700
100 1.047198 2.010000 0.000000 23.109000 1.064700
100 1.047198 2.020000 0.000000 21.874000 1.068800
100 1.047198 2.030000 0.000000 20.902000 0.937530
100 1.047198 2.040000 0.000000 20.316000 0.962580
100 1.047198 2.050000 0.000000 19.791000 1.009300
100 1.047198 2.060000 0.000000 20.010000 0.958160
100 1.047198 2.070000 0.000000 18.276000 0.918080
100 1.047198 2.080000 0.000000 20.125000 1.016600
100 1.047198 2.090000 0.000000 19.103000 0.939270
100 1.047198 2.100000 0.000000 19.046000 0.970730
100 1.047198 2.110000 0.000000 19.920000 0.907770
100 1.047198 2.120000 0.000000 17.436000 0.897950
100 1.047198 2.130000 0.000000 19.493000 0.837610
100 1.047198 2.140000 0.000000 21.833000 1.124300
100 1.047198 2.150000 0.000000 19.123000 0.999400
100 1.047198 2.160000 0.000000 18.617000 0.938860
100 1.047198 2.170000 0.000000 18.118000 0.898180
100 1.047198 2.180000 0.000000 19.033000 0.966420
100 1.047198 2.190000 0.000000 18.899000 0.928900
100 1.047198 2.200000 0.000000 16.791000 0.769800
100 1.047198 2.210000 0.000000 16.297000 0.797930
100 1.047198 2.220000 0.000000 17.385000 0.922440
100 1.047198 2.230000 0.000000 15.413000 0.743710
100 1.047198 2.240000 0.000000 18.235000 0.814450
100 1.047198 2.250000 0.000000 17.706000 0.889510
100 1.047198 2.260000 0.000000 15.976000 0.759880
100 1.047198 2.270000 0.000000 15.146000 0.829350
100 1.047198 2.280000 0.000000 15.421000 0.695190
100 1.047198 2.290000 0.000000 14.996000 0.656890
100 1.047198 2.300000 0.000000 15.590000 0.765840
100 1.047198 2.310000 0.000000 16.270000 0.736390
100 1.047198 2.320000 0.000000 15.200000 0.797690
100 1.047198 2.330000 0.000000 14.704000 0.663770
100 1.047198 2.340000 0.000000 15.762000 0.703160
100 1.047198 2.350000 0.000000 15.127000 0.740440
100 1.047198 2.360000 0.000000 14.951000 0.703940
100 1.047198 2.370000 0.000000 14.417000 0.586610
100 1.047198 2.380000 0.000000 13.980000 0.544710
100 1.047198 2.390000 0.000000 12.208000 0.721410
100 1.047198 2.400000 0.000000 12.454000 0.405500
100 1.047198 2.410000 0.000000 13.408000 0.539400
100 1.047198 2.420000 0.000000 13.608000 0.573590
100 1.047198 2.430000 0.000000 13.755000 0.589700
100 1.047198 2.450000 0.000000 13.235000 0.459590
100 1.047198 2.460000 0.000000 11.921000 0.312970
100 1.047198 2.470000 0.000000 11.245000 0.361350
100 1.047198 2.480000 0.000000 13.160000 0.505250
100 1.047198 2.490000 0.000000 11.170000 0.225190
100 1.047198 2.500000 0.000000 11.820000 0.370270
100 0.628319 1.000000 0.000000 97.766000 1.281900
100 0.628319 1.010000 0.000000 91.348000 1.336100
100 0.628319 1.020000 0.000000 99.826000 1.350600
100 0.628319 1.030000 0.000000 100.100000 1.311600
100 0.628319 1.040000 0.000000 95.233000 1.305000
100 0.628319 1.050000 0.000000 98.857000 1.279100
100 0.628319 1.060000 0.000000 85.657000 1.308000
100 0.628319 1.070000 0.000000 84.407000 1.287600
100 0.628319 1.080000 0.000000 74.615000 1.304900
100 0.628319 1.090000 0.000000 70.390000 1.308700
100 0.628319 1.100000 0.000000 63.800000 1.262800
100 0.628319 1.110000 0.000000 70.797000 1.256300
100 0.628319 1.120000 0.000000 52.749000 1.221700
100 0.628319 1.130000 0.000000 55.565000 1.205800
100 0.628319 1.140000 0.000000 86.667000 1.320600
100 0.628319 1.150000 0.000000 57.502000 1.290000
100 0.628319 1.160000 0.000000 52.771000 1.224400
100 0.628319 1.170000 0.000000 54.861000 1.277000
100 0.628319 1.180000 0.000000 59.206000 1.273600
100 0.628319 1.190000 0.000000 48.115000 1.215400
100 0.628319 1.200000 0.000000 50.160000 1.248300
100 0.628319 1.220000 0.000000 43.291000 1.217200
100 0.628319 1.230000 0.000000 45.087000 1.241900
100 0.628319 1.240000 0.000000 44.341000 1.242700
100 0.628319 1.250000 0.000000 45.151000 1.224300
100 0.628319 1.260000 0.000000 39.909000 1.218700
100 0.628319 1.270000 0.000000 41.631000 1.229300
100 0.628319 1.290000 0.000000 36.976000 1.230700
100 0.628319 1.300000 0.000000 41.163000 1.215900
100 0.628319 1.310000 0.000000 37.566000 1.233200
100 0.628319 1.320000 0.000000 35.228000 1.171400
100 0.628319 1.330000 0.000000 34.317000 1.201300
100 0.628319 1.340000 0.000000 36.256000 1.186100
100 0.628319 1.350000 0.000000 36.876000 1.201600
100 0.628319 1.360000 0.000000 35.182000 1.163200
100 0.628319 1.370000 0.000000 37.983000 1.246500
100 0.628319 1.380000 0.000000 31.262000 1.187600
100 0.628319 1.390000 0.000000 36.545000 1.232200
100 0.628319 1.400000 0.000000 32.103000 1.137900
100 0.628319 1.410000 0.000000 32.983000 1.154500
100 0.628319 1.430000 0.000000 29.777000 1.120600
100 0.628319 1.440000 0.000000 32.188000 1.205600
100 0.628319 1.450000 0.000000 31.107000 1.172500
100 0.628319 1.460000 0.000000 32.192000 1.185400
100 0.628319 1.470000 0.000000 29.017000 1.183200
100 0.628319 1.480000 0.000000 29.798000 1.137700
100 0.628319 1.490000 0.000000 28.998000 1.176400
100 0.628319 1.500000 0.000000 31.040000 1.191100
100 0.628319 1.510000 0.000000 28.462000 1.172900
100 0.628319 1.520000 0.000000 28.417000 1.126600
100 0.628319 1.530000 0.000000 27.318000 1.217500
100 0.628319 1.540000 0.000000 29.134000 1.164000
100 0.628319 1.550000 0.000000 27.806000 1.190100
100 0.628319 1.560000 0.000000 26.696000 1.130700
100 0.628319 1.570000 0.000000 27.447000 1.136900
100 0.628319 1.580000 0.000000 24.442000 1.106600
100 0.628319 1.590000 0.000000 25.893000 1.160200
100 0.628319 1.600000 0.000000 25.362000 1.111300
100 0.628319 1.610000 0.000000 25.896000 1.120100
100 0.628319 1.620000 0.000000 26.056000 1.172000
100 0.628319 1.630000 0.000000 27.155000 1.199800
100 0.628319 1.640000 0.000000 26.420000 1.136300
100 0.628319 1.650000 0.000000 26.455000 1.165900
100 0.628319 1.660000 0.000000 23.937000 1.163700
100 0.628319 1.670000 0.000000 22.560000 1.074300
100 0.628319 1.680000 0.000000 27.527000 1.102400
100 0.628319 1.690000 0.000000 24.522000 1.097200
100 0.628319 1.700000 0.000000 24.362000 1.095100
100 0.628319 1.710000 0.000000 25.653000 1.063000
100 0.628319 1.720000 0.000000 24.688000 1.131000
100 0.628319 1.730000 0.000000 23.259000 1.074600
100 0.628319 1.740000 0.000000 22.507000 1.094300
100 0.628319 1.750000 0.000000 21.975000 1.104600
100 0.628319 1.760000 0.000000 21.577000 1.090900
100 0.628319 1.770000 0.000000 21.073000 1.096900
100 0.628319 1.780000 0.000000 21.176000 1.113500
100 0.628319 1.790000 0.000000 22.197000 1.060400
100 0.628319 1.800000 0.000000 21.429000 1.070300
100 0.628319 1.810000 0.000000 21.954000 1.066000
100 0.628319 1.820000 0.000000 21.472000 1.098000
100 0.628319 1.830000 0.000000 21.195000 1.050000
100 0.628319 1.840000 0.000000 21.618000 1.045200
100 0.628319 1.850000 0.000000 20.661000 1.110300
100 0.628319 1.860000 0.000000 21.333000 1.099200
100 0.628319 1.870000 0.000000 21.703000 1.026500
100 0.628319 1.880000 0.000000 19.342000 1.068600
100 0.628319 1.890000 0.000000 18.976000 1.101500
100 0.628319 1.900000 0.000000 20.471000 1.038700
100 0.628319 1.910000 0.000000 19.990000 1.036600
100 0.628319 1.920000 0.000000 20.935000 1.050300
100 0.628319 1.930000 0.000000 21.402000 1.084100
100 0.628319 1.940000 0.000000 20.207000 1.061100
100 0.628319 1.950000 0.000000 18.310000 1.011800
100 0.628319 1.960000 0.000000 17.480000 1.008900
100 0.628319 1.970000 0.000000 20.807000 1.060400
100 0.628319 1.980000 0.000000 19.058000 1.043600
100 0.628319 1.990000 0.000000 19.797000 0.991890
100 0.628319 2.000000 0.000000 18.828000 1.028000
100 0.628319 2.010000 0.000000 17.333000 0.954670
100 0.628319 2.020000 0.000000 17.590000 1.020400
100 0.628319 2.030000 0.000000 18.247000 1.022600
100 0.628319 2.040000 0.000000 17.566000 0.971730
100 0.628319 2.050000 0.000000 17.190000 0.988390
100 0.628319 2.060000 0.000000 18.124000 1.060700
100 0.628319 2.070000 0.000000 17.055000 0.981060
100 0.628319 2.080000 0.000000 18.521000 0.982250
100 0.628319 2.090000 0.000000 17.860000 0.982550
100 0.628319 2.100000 0.000000 16.083000 0.937110
100 0.628319 2.110000 0.000000 16.781000 0.982040
100 0.628319 2.120000 0.000000 16.917000 1.021600
100 0.628319 2.130000 0.000000 14.556000 0.944860
100 0.628319 2.140000 0.000000 16.322000 0.921410
100 0.628319 2.150000 0.000000 16.803000 0.963440
100 0.628319 2.160000 0.000000 15.007000 0.917150
100 0.628319 2.170000 0.000000 16.690000 0.991220
100 0.628319 2.180000 0.000000 15.880000 0.959040
100 0.628319 2.190000 0.000000 15.904000 0.956960
100 0.628319 2.200000 0.000000 16.240000 0.875100
100 0.628319 2.220000 0.000000 15.696000 0.911620
100 0.628319 2.230000 0.000000 14.304000 0.907490
100 0.628319 2.240000 0.000000 15.915000 0.932350
100 0.628319 2.250000 0.000000 16.741000 0.952320
100 0.628319 2.260000 0.000000 14.924000 0.915420
100 0.628319 2.270000 0.000000 13.716000 0.887620
100 0.628319 2.280000 0.000000 15.979000 0.909720
100 0.628319 2.290000 0.000000 15.784000 0.959750
100 0.628319 2.300000 0.000000 15.129000 0.997330
100 0.628319 2.310000 0.000000 15.249000 0.873210
100 0.628319 2.320000 0.000000 14.419000 0.891350
100 0.628319 2.330000 0.000000 14.045000 0.874660
100 0.628319 2.340000 0.000000 14.572000 0.930350
100 0.628319 2.350000 0.000000 14.656000 0.890340
100 0.628319 2.360000 0.000000 14.940000 0.961610
100 0.628319 2.370000 0.000000 13.876000 0.892330
100 0.628319 2.380000 0.000000 15.446000 0.922950
100 0.628319 2.390000 0.000000 13.130000 0.869250
100 0.628319 2.400000 0.000000 11.929000 0.743270
100 0.628319 2.410000 0.000000 13.220000 0.867060
100 0.628319 2.420000 0.000000 13.122000 0.798340
100 0.628319 2.430000 0.000000 13.561000 0.785810
100 0.628319 2.440000 0.000000 14.266000 0.866170
100 0.628319 2.450000 0.000000 13.028000 0.865080
100 0.628319 2.460000 0.000000 11.959000 0.826940
100 0.628319 2.470000 0.000000 11.954000 0.842940
100 0.628319 2.480000 0.000000 12.499000 0.803960
100 0.628319 2.490000 0.000000 13.471000 0.798580
100 0.628319 2.500000 0.000000 15.384000 0.913720
100 0.628319 2.510000 0.000000 12.731000 0.877060
100 0.628319 2.520000 0.000000 11.887000 0.760970
100 0.628319 2.530000 0.000000 13.328000 0.728370
100 0.628319 2.540000 0.000000 11.596000 0.842960
100 0.628319 2.550000 0.000000 11.141000 0.710690
100 0.628319 2.570000 0.000000 14.251000 0.855160
100 0.628319 2.580000 0.000000 12.952000 0.779750
100 0.628319 2.590000 0.000000 10.558000 0.696990
100 0.628319 2.600000 0.000000 11.844000 0.771550
100 0.628319 2.610000 0.000000 10.786000 0.698620
100 0.628319 2.630000 0.000000 13.197000 0.849600
100 0.628319 2.640000 0.000000 12.102000 0.828480
100 0.628319 2.650000 0.000000 10.551000 0.770840
100 0.628319 2.660000 0.000000 10.350000 0.710030
100 0.628319 2.670000 0.000000 11.470000 0.783040
100 0.628319 2.680000 0.000000 11.501000 0.624740
100 0.628319 2.690000 0.000000 11.291000 0.691590
100 0.628319 2.700000 0.000000 11.666000 0.789330
100 0.628319 2.710000 0.000000 11.239000 0.718010
100 0.628319 2.720000 0.000000 11.113000 0.753710
100 0.628319 2.730000 0.000000 10.709000 0.735500
100 0.628319 2.740000 0.000000 10.524000 0.654440
100 0.628319 2.770000 0.000000 10.791000 0.771780
100 0.628319 2.780000 0.000000 9.672500 0.500650
100 0.628319 2.790000 0.000000 10.374000 0.711210
100 0.628319 2.810000 0.000000 9.250900 0.560690
100 0.628319 2.820000 0.000000 11.385000 0.752680
100 0.628319 2.840000 0.000000 9.437500 0.576700
100 0.628319 2.850000 0.000000 10.692000 0.730390
100 0.628319 2.860000 0.000000 10.197000 0.663570
100 0.628319 2.870000 0.000000 9.227700 0.623100
100 0.628319 2.890000 0.000000 11.052000 0.625490
100 0.628319 2.900000 0.000000 8.489300 0.479920
100 0.628319 2.910000 0.000000 9.108900 0.598860
100 0.628319 2.920000 0.000000 9.745300 0.517890
100 0.628319 2.930000 0.000000 8.772700 0.443360
100 0.628319 2.940000 0.000000 10.584000 0.639790
100 0.628319 2.950000 0.000000 7.690200 0.476310
100 0.628319 2.960000 0.000000 8.451700 0.512850
100 0.628319 2.970000 0.000000 8.882600 0.453090
100 0.628319 2.980000 0.000000 8.692000 0.404440
100 0.628319 2.990000 0.000000 6.885400 0.155370
100 0.628319 3.010000 0.000000 7.653500 0.347100
100 0.628319 3.020000 0.000000 9.831400 0.594770
100 0.628319 3.040000 0.000000 8.498000 0.337490
100 0.628319 3.050000 0.000000 6.489100 0.193360
100 0.628319 3.060000 0.000000 6.007500 0.106220
100 0.628319 3.070000 0.000000 7.344300 0.474340
100 0.628319 3.080000 0.000000 7.496100 0.477460
100 0.628319 3.090000 0.000000 7.029800 0.217280
100 0.628319 3.100000 0.000000 7.085200 0.302700
100 0.628319 3.110000 0.000000 6.710900 0.241800
100 0.628319 3.130000 0.000000 5.959500 0.105020
100 0.628319 3.140000 0.000000 5.100800 0.067938
100 0.628319 1.000000 0.392699 100.100000 1.454700
100 0.628319 1.010000 0.392699 98.429000 1.440800
100 0.628319 1.020000 0.392699 99.763000 1.462000
100 0.628319 1.030000 0.392699 97.742000 1.453200
100 0.628319 1.040000 0.392699 94.910000 1.475000
100 0.628319 1.050000 0.392699 84.671000 1.425100
100 0.628319 1.060000 0.392699 90.124000 1.485000
100 0.628319 1.070000 0.392699 84.156000 1.432700
100 0.628319 1.080000 0.392699 83.211000 1.428400
100 0.628319 1.090000 0.392699 72.285000 1.429900
100 0.628319 1.100000 0.392699 63.916000 1.396600
100 0.628319 1.110000 0.392699 59.066000 1.394800
100 0.628319 1.120000 0.392699 77.341000 1.457200
100 0.628319 1.130000 0.392699 64.911000 1.364900
100 0.628319 1.140000 0.392699 60.222000 1.370300
100 0.628319 1.150000 0.392699 59.093000 1.378800
100 0.628319 1.160000 0.392699 53.215000 1.333600
100 0.628319 1.170000 0.392699 47.391000 1.292400
100 0.628319 1.180000 0.392699 47.131000 1.327400
100 0.628319 1.190000 0.392699 50.799000 1.319900
100 0.628319 1.200000 0.392699 49.078000 1.362900
100 0.628319 1.210000 0.392699 47.135000 1.335300
100 0.628319 1.220000 0.392699 41.566000 1.329800
100 0.628319 1.230000 0.392699 47.623000 1.368600
100 0.628319 1.240000 0.392699 40.774000 1.324200
100 0.628319 1.250000 0.392699 41.870000 1.324400
100 0.628319 1.260000 0.392699 40.177000 1.308500
100 0.628319 1.270000 0.392699 44.572000 1.333800
100 0.628319 1.280000 0.392699 41.869000 1.288100
100 0.628319 1.290000 0.392699 41.423000 1.295800
100 0.628319 1.300000 0.392699 41.495000 1.324800
100 0.628319 1.310000 0.392699 37.190000 1.278100
100 0.628319 1.320000 0.392699 36.933000 1.315700
100 0.628319 1.330000 0.392699 38.044000 1.297500
100 0.628319 1.340000 0.392699 39.928000 1.294500
100 0.628319 1.360000 0.392699 34.518000 1.288600
100 0.628319 1.370000 0.392699 32.823000 1.216600
100 0.628319 1.380000 0.392699 30.517000 1.223900
100 0.628319 1.400000 0.392699 32.543000 1.253000
100 0.628319 1.410000 0.392699 30.485000 1.285500
100 0.628319 1.430000 0.392699 31.625000 1.233600
100 0.628319 1.440000 0.392699 27.671000 1.185300
100 0.628319 1.460000 0.392699 30.259000 1.290000
100 0.628319 1.470000 0.392699 27.844000 1.266000
100 0.628319 1.480000 0.392699 26.765000 1.237600
100 0.628319 1.490000 0.392699 28.892000 1.262000
100 0.628319 1.500000 0.392699 30.068000 1.224800
100 0.628319 1.510000 0.392699 28.169000 1.212000
100 0.628319 1.520000 0.392699 28.638000 1.169400
100 0.628319 1.530000 0.392699 26.822000 1.162800
100 0.628319 1.540000 0.392699 29.398000 1.190100
100 0.628319 1.560000 0.392699 26.549000 1.215200
100 0.628319 1.570000 0.392699 25.573000 1.217700
100 0.628319 1.590000 0.392699 25.938000 1.222000
100 0.628319 1.600000 0.392699 26.058000 1.160500
100 0.628319 1.610000 0.392699 24.289000 1.225500
100 0.628319 1.620000 0.392699 25.118000 1.172600
100 0.628319 1.630000 0.392699 24.652000 1.165000
100 0.628319 1.640000 0.392699 26.345000 1.260800
100 0.628319 1.650000 0.392699 25.257000 1.183900
100 0.628319 1.660000 0.392699 24.096000 1.212700
100 0.628319 1.670000 0.392699 25.872000 1.239100
100 0.628319 1.680000 0.392699 23.114000 1.199600
100 0.628319 1.690000 0.392699 21.847000 1.155000
100 0.628319 1.700000 0.392699 24.974000 1.144000
100 0.628319 1.720000 0.392699 22.431000 1.137100
100 0.628319 1.730000 0.392699 23.199000 1.194700
100 0.628319 1.740000 0.392699 21.056000 1.122500
100 0.628319 1.750000 0.392699 22.622000 1.199400
100 0.628319 1.760000 0.392699 22.806000 1.134000
100 0.628319 1.770000 0.392699 20.525000 1.150300
100 0.628319 1.780000 0.392699 22.081000 1.157500
100 0.628319 1.800000 0.392699 21.647000 1.104400
100 0.628319 1.810000 0.392699 22.053000 1.097500
100 0.628319 1.820000 0.392699 22.927000 1.206000
100 0.628319 1.830000 0.392699 21.872000 1.147800
100 0.628319 1.840000 0.392699 21.156000 1.199700
100 0.628319 1.850000 0.392699 21.249000 1.274600
100 0.628319 1.860000 0.392699 22.099000 1.167900
100 0.628319 1.870000 0.392699 20.933000 1.163000
100 0.628319 1.880000 0.392699 18.140000 1.027700
100 0.628319 1.890000 0.392699 19.471000 1.122200
100 0.628319 1.900000 0.392699 18.816000 1.113200
100 0.628319 1.910000 0.392699 20.131000 1.134500
100 0.628319 1.920000 0.392699 20.768000 1.109300
100 0.628319 1.930000 0.392699 18.500000 1.104300
100 0.628319 1.940000 0.392699 20.023000 1.083600
100 0.628319 1.950000 0.392699 19.279000 1.101600
100 0.628319 1.960000 0.392699 19.055000 1.055300
100 0.628319 1.970000 0.392699 17.318000 1.002300
100 0.628319 1.980000 0.392699 17.683000 1.081400
100 0.628319 1.990000 0.392699 15.267000 1.012700
100 0.628319 2.000000 0.392699 18.033000 1.018800
100 0.628319 2.010000 0.392699 18.735000 1.044300
100 0.628319 2.020000 0.392699 17.890000 1.040200
100 0.628319 2.030000 0.392699 17.898000 1.116700
100 0.628319 2.040000 0.392699 18.568000 1.106000
100 0.628319 2.050000 0.392699 18.843000 1.075900
100 0.628319 2.060000 0.392699 16.339000 1.055000
100 0.628319 2.070000 0.392699 17.785000 1.038600
100 0.628319 2.080000 0.392699 16.725000 0.983040
100 0.628319 2.090000 0.392699 16.201000 1.020400
100 0.628319 2.100000 0.392699 16.038000 1.029100
100 0.628319 2.120000 0.392699 15.938000 1.008000
100 0.628319 2.130000 0.392699 16.695000 1.073000
100 0.628319 2.140000 0.392699 16.793000 0.966080
100 0.628319 2.150000 0.392699 16.179000 0.978430
100 0.628319 2.160000 0.392699 17.271000 1.002400
100 0.628319 2.170000 0.392699 17.985000 0.976830
100 0.628319 2.180000 0.392699 15.920000 1.017700
100 0.628319 2.190000 0.392699 18.097000 1.047100
100 0.628319 2.200000 0.392699 16.496000 0.987920
100 0.628319 2.210000 0.392699 15.388000 1.026200
100 0.628319 2.220000 0.392699 15.566000 1.081200
100 0.628319 2.230000 0.392699 13.404000 0.858180
100 0.628319 2.240000 0.392699 15.557000 0.992980
100 0.628319 2.250000 0.392699 15.529000 1.016200
100 0.628319 2.260000 0.392699 16.128000 0.997990
100 0.628319 2.270000 0.392699 14.161000 0.877150
100 0.628319 2.280000 0.392699 13.987000 0.960780
100 0.628319 2.290000 0.392699 14.603000 0.967420
100 0.628319 2.300000 0.392699 15.752000 0.989570
100 0.628319 2.310000 0.392699 15.042000 0.950940
100 0.628319 2.320000 0.392699 14.354000 0.883810
100 0.628319 2.330000 0.392699 14.324000 0.963000
100 0.628319 2.340000 0.392699 15.089000 0.924530
100 0.628319 2.350000 0.392699 13.191000 0.871270
100 0.628319 2.360000 0.392699 14.130000 0.971200
100 0.628319 2.370000 0.392699 13.838000 0.945680
100 0.628319 2.380000 0.392699 14.316000 0.951110
100 0.628319 2.390000 0.392699 13.542000 0.923890
100 0.628319 2.400000 0.392699 12.021000 0.862870
100 0.628319 2.410000 0.392699 13.579000 0.871390
100 0.628319 2.420000 0.392699 13.199000 0.892050
100 0.628319 2.430000 0.392699 12.660000 0.902460
100 0.628319 2.440000 0.392699 12.400000 0.753100
100 0.628319 2.450000 0.392699 11.819000 0.879000
100 0.628319 2.460000 0.392699 12.538000 0.907640
100 0.628319 2.470000 0.392699 13.714000 0.930500
100 0.628319 2.480000 0.392699 14.279000 0.843270
100 0.628319 2.490000 0.392699 12.903000 0.943610
100 0.628319 2.500000 0.392699 12.750000 0.862980
100 0.628319 2.510000 0.392699 13.677000 0.929420
100 0.628319 2.520000 0.392699 12.626000 0.839580
100 0.628319 2.530000 0.392699 14.268000 0.894380
100 0.628319 2.540000 0.392699 12.657000 0.860770
100 0.628319 2.550000 0.392699 12.558000 0.803540
100 0.628319 2.560000 0.392699 12.409000 0.870140
100 0.628319 2.570000 0.392699 12.589000 0.848500
100 0.628319 2.580000 0.392699 11.757000 0.793490
100 0.628319 2.590000 0.392699 11.728000 0.847980
100 0.628319 2.600000 0.392699 12.653000 0.819260
100 0.628319 2.610000 0.392699 11.049000 0.775240
100 0.628319 2.620000 0.392699 10.127000 0.649450
100 0.628319 2.630000 0.392699 11.943000 0.863960
100 0.628319 2.640000 0.392699 13.362000 0.870550
100 0.628319 2.650000 0.392699 12.323000 0.848020
100 0.628319 2.660000 0.392699 11.312000 0.804800
100 0.628319 2.680000 0.392699 11.120000 0.788410
100 0.628319 2.690000 0.392699 11.816000 0.766570
100 0.628319 2.700000 0.392699 11.274000 0.850830
100 0.628319 2.710000 0.392699 11.352000 0.789550
100 0.628319 2.720000 0.392699 10.900000 0.719180
100 0.628319 2.730000 0.392699 11.256000 0.746700
100 0.628319 2.740000 0.392699 8.872800 0.553620
100 0.628319 2.750000 0.392699 11.415000 0.737550
100 0.628319 2.760000 0.392699 9.955900 0.748260
100 0.628319 2.770000 0.392699 10.153000 0.656360
100 0.628319 2.780000 0.392699 9.567400 0.670600
100 0.628319 2.790000 0.392699 9.601100 0.662490
100 0.628319 2.810000 0.392699 8.729000 0.740950
100 0.628319 2.820000 0.392699 8.109000 0.755870
100 0.628319 2.830000 0.392699 8.874200 0.563640
100 0.628319 2.840000 0.392699 8.983100 0.610380
100 0.628319 2.850000 0.392699 9.269400 0.628520
100 0.628319 2.860000 0.392699 9.764400 0.613070
100 0.628319 2.870000 0.392699 8.367600 0.619440
100 0.628319 2.880000 0.392699 10.063000 0.599820
100 0.628319 2.890000 0.392699 7.652500 0.460830
100 0.628319 2.900000 0.392699 8.557300 0.662140
100 0.628319 2.910000 0.392699 8.993000 0.594700
100 0.628319 2.920000 0.392699 7.819900 0.571090
100 0.628319 2.930000 0.392699 7.467300 0.617470
100 0.628319 2.950000 0.392699 8.751200 0.506690
100 0.628319 2.960000 0.392699 7.368600 0.465430
100 0.628319 2.970000 0.392699 7.907400 0.432290
100 0.628319 2.980000 0.392699 7.860300 0.470980
100 0.628319 2.990000 0.392699 8.894500 0.557740
100 0.628319 3.000000 0.392699 7.247200 0.317480
100 0.628319 3.010000 0.392699 7.193200 0.421130
100 0.628319 3.020000 0.392699 7.737600 0.361640
100 0.628319 3.030000 0.392699 5.672800 0.246970
100 0.628319 3.040000 0.392699 8.104000 0.738120
100 0.628319 3.050000 0.392699 6.176200 0.216060
100 0.628319 3.070000 0.392699 7.464800 0.454780
100 0.628319 3.080000 0.392699 5.473900 0.001000
100 0.628319 3.090000 0.392699 5.334100 0.001000
100 0.628319 3.100000 0.392699 7.671300 0.337810
100 0.628319 3.110000 0.392699 5.766400 0.001000
100 0.628319 3.130000 0.392699 6.662900 0.548500
100 0.628319 3.140000 0.392699 4.824300 0.001000
100 0.628319 3.150000 0.392699 4.796100 0.001000
100 0.628319 1.000000 0.628319 100.100000 1.631400
100 0.628319 1.010000 0.628319 99.279000 1.587800
100 0.628319 1.020000 0.628319 100.100000 1.613100
100 0.628319 1.030000 0.628319 99.976000 1.626400
100 0.628319 1.040000 0.628319 95.479000 1.621700
100 0.628319 1.050000 0.628319 97.897000 1.580700
100 0.628319 1.060000 0.628319 93.298000 1.598800
100 0.628319 1.070000 0.628319 86.439000 1.604700
100 0.628319 1.080000 0.628319 78.745000 1.605200
100 0.628319 1.090000 0.628319 77.000000 1.549200
100 0.628319 1.100000 0.628319 79.719000 1.576300
100 0.628319 1.110000 0.628319 84.492000 1.567700
100 0.628319 1.120000 0.628319 71.117000 1.585500
100 0.628319 1.130000 0.628319 64.633000 1.497600
100 0.628319 1.140000 0.628319 63.874000 1.534400
100 0.628319 1.150000 0.628319 56.783000 1.498500
100 0.628319 1.160000 0.628319 53.669000 1.466500
100 0.628319 1.170000 0.628319 55.201000 1.510100
100 0.628319 1.180000 0.628319 51.686000 1.484200
100 0.628319 1.190000 0.628319 55.800000 1.520700
100 0.628319 1.200000 0.628319 41.859000 1.415600
100 0.628319 1.210000 0.628319 47.941000 1.500000
100 0.628319 1.220000 0.628319 46.572000 1.504000
100 0.628319 1.230000 0.628319 48.150000 1.478300
100 0.628319 1.240000 0.628319 46.187000 1.496400
100 0.628319 1.250000 0.628319 45.357000 1.462800
100 0.628319 1.260000 0.628319 39.328000 1.416800
100 0.628319 1.270000 0.628319 37.205000 1.395200
100 0.628319 1.290000 0.628319 37.845000 1.384400
100 0.628319 1.300000 0.628319 37.374000 1.410800
100 0.628319 1.310000 0.628319 37.418000 1.343200
100 0.628319 1.320000 0.628319 36.475000 1.428100
100 0.628319 1.330000 0.628319 36.191000 1.368600
100 0.628319 1.340000 0.628319 34.555000 1.364300
100 0.628319 1.350000 0.628319 35.629000 1.384400
100 0.628319 1.360000 0.628319 34.208000 1.395900
100 0.628319 1.380000 0.628319 29.511000 1.353700
100 0.628319 1.390000 0.628319 34.483000 1.361700
100 0.628319 1.400000 0.628319 34.801000 1.421800
100 0.628319 1.410000 0.628319 32.160000 1.389200
100 0.628319 1.420000 0.628319 33.969000 1.413100
100 0.628319 1.430000 0.628319 33.575000 1.319800
100 0.628319 1.440000 0.628319 31.889000 1.302100
100 0.628319 1.450000 0.628319 31.452000 1.358800
100 0.628319 1.460000 0.628319 27.626000 1.369300
100 0.628319 1.470000 0.628319 26.284000 1.296400
100 0.628319 1.480000 0.628319 27.948000 1.289700
100 0.628319 1.490000 0.628319 28.651000 1.291700
100 0.628319 1.500000 0.628319 25.225000 1.289000
100 0.628319 1.510000 0.628319 28.014000 1.284300
100 0.628319 1.520000 0.628319 27.763000 1.289100
100 0.628319 1.530000 0.628319 26.096000 1.274400
100 0.628319 1.540000 0.628319 28.088000 1.356600
100 0.628319 1.550000 0.628319 28.230000 1.325000
100 0.628319 1.560000 0.628319 27.041000 1.265500
100 0.628319 1.570000 0.628319 25.945000 1.322500
100 0.628319 1.590000 0.628319 27.383000 1.262900
100 0.628319 1.600000 0.628319 26.335000 1.279500
100 0.628319 1.610000 0.628319 24.863000 1.319200
100 0.628319 1.620000 0.628319 24.258000 1.268600
100 0.628319 1.630000 0.628319 22.369000 1.207700
100 0.628319 1.640000 0.628319 25.250000 1.297600
100 0.628319 1.650000 0.628319 21.701000 1.228100
100 0.628319 1.660000 0.628319 22.459000 1.219700
100 0.628319 1.670000 0.628319 22.580000 1.207600
100 0.628319 1.690000 0.628319 24.258000 1.291700
100 0.628319 1.710000 0.628319 23.621000 1.306500
100 0.628319 1.720000 0.628319 24.268000 1.258300
100 0.628319 1.730000 0.628319 21.223000 1.230100
100 0.628319 1.740000 0.628319 22.170000 1.270000
100 0.628319 1.750000 0.628319 21.022000 1.251500
100 0.628319 1.760000 0.628319 21.980000 1.265100
100 0.628319 1.770000 0.628319 21.727000 1.232700
100 0.628319 1.780000 0.628319 20.854000 1.204900
100 0.628319 1.790000 0.628319 18.925000 1.194600
100 0.628319 1.800000 0.628319 22.877000 1.263000
100 0.628319 1.810000 0.628319 19.843000 1.227900
100 0.628319 1.820000 0.628319 19.901000 1.178700
100 0.628319 1.830000 0.628319 21.741000 1.207700
100 0.628319 1.840000 0.628319 19.785000 1.165100
100 0.628319 1.850000 0.628319 18.863000 1.187300
100 0.628319 1.860000 0.628319 20.483000 1.255800
100 0.628319 1.870000 0.628319 20.600000 1.134900
100 0.628319 1.880000 0.628319 20.534000 1.183400
100 0.628319 1.890000 0.628319 19.950000 1.132400
100 0.628319 1.900000 0.628319 19.206000 1.161200
100 0.628319 1.910000 0.628319 19.429000 1.188500
100 0.628319 1.920000 0.628319 20.311000 1.222800
100 0.628319 1.930000 0.628319 17.703000 1.121600
100 0.628319 1.940000 0.628319 19.368000 1.166400
100 0.628319 1.950000 0.628319 19.494000 1.088200
100 0.628319 1.960000 0.628319 18.054000 1.183700
100 0.628319 1.970000 0.628319 19.480000 1.208300
100 0.628319 1.980000 0.628319 17.448000 1.095000
100 0.628319 1.990000 0.628319 16.687000 1.098100
100 0.628319 2.000000 0.628319 17.181000 1.136600
100 0.628319 2.010000 0.628319 17.722000 1.129600
100 0.628319 2.020000 0.628319 17.355000 1.139400
100 0.628319 2.030000 0.628319 15.820000 1.074600
100 0.628319 2.040000 0.628319 16.110000 1.121600
100 0.628319 2.050000 0.628319 17.114000 1.158000
100 0.628319 2.060000 0.628319 17.350000 1.168100
100 0.628319 2.070000 0.628319 16.847000 1.062200
100 0.628319 2.080000 0.628319 15.628000 0.983650
100 0.628319 2.090000 0.628319 15.825000 1.107300
100 0.628319 2.100000 0.628319 17.183000 1.068600
100 0.628319 2.110000 0.628319 15.690000 1.124000
100 0.628319 2.120000 0.628319 16.275000 1.048000
100 0.628319 2.130000 0.628319 16.353000 1.133600
100 0.628319 2.140000 0.628319 16.843000 1.076300
100 0.628319 2.150000 0.628319 18.212000 1.179100
100 0.628319 2.160000 0.628319 14.448000 1.014900
100 0.628319 2.170000 0.628319 16.951000 1.040500
100 0.628319 2.180000 0.628319 17.535000 1.045000
100 0.628319 2.190000 0.628319 15.879000 1.056200
100 0.628319 2.200000 0.628319 14.448000 1.069200
100 0.628319 2.210000 0.628319 14.841000 1.046800
100 0.628319 2.220000 0.628319 15.571000 1.013900
100 0.628319 2.230000 0.628319 14.889000 0.968590
100 0.628319 2.240000 0.628319 16.086000 1.115900
100 0.628319 2.250000 0.628319 15.099000 1.000200
100 0.628319 2.260000 0.628319 14.450000 1.006400
100 0.628319 2.270000 0.628319 14.969000 0.986060
100 0.628319 2.280000 0.628319 14.603000 0.994470
100 0.628319 2.290000 0.628319 15.379000 1.081800
100 0.628319 2.300000 0.628319 14.079000 0.918940
100 0.628319 2.310000 0.628319 14.917000 0.943540
100 0.628319 2.320000 0.628319 14.099000 0.907720
100 0.628319 2.330000 0.628319 13.579000 1.007300
100 0.628319 2.340000 0.628319 13.962000 1.010200
100 0.628319 2.350000 0.628319 11.158000 0.919590
100 0.628319 2.360000 0.628319 14.816000 1.026900
100 0.628319 2.370000 0.628319 12.944000 0.943360
100 0.628319 2.380000 0.628319 12.552000 0.929040
100 0.628319 2.390000 0.628319 12.946000 0.942150
100 0.628319 2.400000 0.628319 12.659000 0.926350
100 0.628319 2.410000 0.628319 12.888000 0.976370
100 0.628319 2.420000 0.628319 11.305000 0.678560
100 0.628319 2.430000 0.628319 11.457000 0.869540
100 0.628319 2.450000 0.628319 12.065000 0.887930
100 0.628319 2.460000 0.628319 12.730000 0.884750
100 0.628319 2.470000 0.628319 12.300000 0.909170
100 0.628319 2.480000 0.628319 11.975000 0.874110
100 0.628319 2.490000 0.628319 10.162000 0.806070
100 0.628319 2.500000 0.628319 11.982000 0.841460
100 0.628319 2.510000 0.628319 12.887000 1.018800
100 0.628319 2.520000 0.628319 14.622000 1.033100
100 0.628319 2.530000 0.628319 11.587000 0.759860
100 0.628319 2.540000 0.628319 10.014000 0.674690
100 0.628319 2.560000 0.628319 11.739000 0.818150
100 0.628319 2.570000 0.628319 12.224000 0.856780
100 0.628319 2.580000 0.628319 10.987000 0.784450
100 0.628319 2.590000 0.628319 12.343000 0.785510
100 0.628319 2.600000 0.628319 10.677000 0.758690
100 0.628319 2.610000 0.628319 10.862000 0.908690
100 0.628319 2.620000 0.628319 13.085000 0.848170
100 0.628319 2.630000 0.628319 9.852400 0.778040
100 0.628319 2.650000 0.628319 10.197000 0.723960
100 0.628319 2.660000 0.628319 9.492900 0.713840
100 0.628319 2.670000 0.628319 11.170000 0.828590
100 0.628319 2.680000 0.628319 10.231000 0.844090
100 0.628319 2.690000 0.628319 9.048800 0.656710
100 0.628319 2.700000 0.628319 9.693600 0.674690
100 0.628319 2.710000 0.628319 10.087000 0.792230
100 0.628319 2.720000 0.628319 10.476000 0.797020
100 0.628319 2.740000 0.628319 10.642000 0.795170
100 0.628319 2.750000 0.628319 10.227000 0.728770
100 0.628319 2.770000 0.628319 10.647000 0.684600
100 0.628319 2.780000 0.628319 9.737700 0.652220
100 0.628319 2.790000 0.628319 8.310800 0.686140
100 0.628319 2.800000 0.628319 10.533000 0.749820
100 0.628319 2.830000 0.628319 9.481100 0.584410
100 0.628319 2.840000 0.628319 8.276600 0.688740
100 0.628319 2.850000 0.628319 7.265500 0.578520
100 0.628319 2.860000 0.628319 9.069400 0.643410
100 0.628319 2.870000 0.628319 9.233100 0.659070
100 0.628319 2.880000 0.628319 9.267700 0.666950
100 0.628319 2.890000 0.628319 8.446200 0.616640
100 0.628319 2.900000 0.628319 7.412600 0.376810
100 0.628319 2.910000 0.628319 8.417200 0.646910
100 0.628319 2.930000 0.628319 8.133100 0.564200
100 0.628319 2.950000 0.628319 7.453200 0.553860
100 0.628319 2.960000 0.628319 6.900000 0.267390
100 0.628319 2.970000 0.628319 6.953800 0.475040
100 0.628319 2.980000 0.628319 7.312200 0.387910
100 0.628319 2.990000 0.628319 4.887600 0.094609
100 0.628319 3.010000 0.628319 5.335000 0.188810
100 0.628319 3.020000 0.628319 5.320400 0.110640
100 0.628319 3.030000 0.628319 5.030400 0.001000
100 0.628319 3.040000 0.628319 8.768300 0.609210
100 0.628319 3.070000 0.628319 5.225600 0.001000
100 0.628319 3.100000 0.628319 6.249700 0.267870
100 0.628319 3.120000 0.628319 5.616300 0.185680
100 0.628319 3.140000 0.628319 5.840400 0.331600
100 0.628319 3.150000 0.628319 5.405600 0.123370
100 0.628319 1.000000 1.047198 97.998000 1.890100
100 0.628319 1.010000 1.047198 98.363000 1.885300
100 0.628319 1.020000 1.047198 100.100000 1.894100
100 0.628319 1.030000 1.047198 96.780000 1.908100
100 0.628319 1.040000 1.047198 99.051000 1.931800
100 0.628319 1.050000 1.047198 99.568000 1.871300
100 0.628319 1.060000 1.047198 97.019000 1.916000
100 0.628319 1.070000 1.047198 97.766000 1.925900
100 0.628319 1.080000 1.047198 91.536000 1.943300
100 0.628319 1.090000 1.047198 90.783000 1.913300
100 0.628319 1.100000 1.047198 84.066000 1.886100
100 0.628319 1.110000 1.047198 80.056000 1.856900
100 0.628319 1.120000 1.047198 75.689000 1.835300
100 0.628319 1.130000 1.047198 77.567000 1.901300
100 0.628319 1.140000 1.047198 73.655000 1.904100
100 0.628319 1.150000 1.047198 65.010000 1.816900
100 0.628319 1.160000 1.047198 59.354000 1.816900
100 0.628319 1.170000 1.047198 56.613000 1.779400
100 0.628319 1.180000 1.047198 78.589000 1.868600
100 0.628319 1.190000 1.047198 56.923000 1.767600
100 0.628319 1.200000 1.047198 53.923000 1.782300
100 0.628319 1.210000 1.047198 56.145000 1.836800
100 0.628319 1.220000 1.047198 54.553000 1.804500
100 0.628319 1.230000 1.047198 51.023000 1.787600
100 0.628319 1.240000 1.047198 51.913000 1.778400
100 0.628319 1.250000 1.047198 44.643000 1.641000
100 0.628319 1.260000 1.047198 42.149000 1.672000
100 0.628319 1.270000 1.047198 51.411000 1.756700
100 0.628319 1.280000 1.047198 44.666000 1.691500
100 0.628319 1.290000 1.047198 43.736000 1.699600
100 0.628319 1.300000 1.047198 41.987000 1.653000
100 0.628319 1.310000 1.047198 43.536000 1.734100
100 0.628319 1.320000 1.047198 43.123000 1.744800
100 0.628319 1.330000 1.047198 37.498000 1.650000
100 0.628319 1.340000 1.047198 41.598000 1.743700
100 0.628319 1.350000 1.047198 42.061000 1.681700
100 0.628319 1.360000 1.047198 33.825000 1.613900
100 0.628319 1.370000 1.047198 38.047000 1.667000
100 0.628319 1.380000 1.047198 34.666000 1.659300
100 0.628319 1.390000 1.047198 38.068000 1.672500
100 0.628319 1.400000 1.047198 34.972000 1.676900
100 0.628319 1.410000 1.047198 35.032000 1.586800
100 0.628319 1.420000 1.047198 30.576000 1.525700
100 0.628319 1.430000 1.047198 34.087000 1.640200
100 0.628319 1.440000 1.047198 34.875000 1.690700
100 0.628319 1.450000 1.047198 30.425000 1.598800
100 0.628319 1.460000 1.047198 30.240000 1.564800
100 0.628319 1.470000 1.047198 28.941000 1.574400
100 0.628319 1.480000 1.047198 30.807000 1.608100
100 0.628319 1.490000 1.047198 30.024000 1.521600
100 0.628319 1.500000 1.047198 27.731000 1.522800
100 0.628319 1.510000 1.047198 26.298000 1.520900
100 0.628319 1.520000 1.047198 29.784000 1.509600
100 0.628319 1.530000 1.047198 27.451000 1.540700
100 0.628319 1.540000 1.047198 27.533000 1.520300
100 0.628319 1.550000 1.047198 26.745000 1.509900
100 0.628319 1.560000 1.047198 25.991000 1.527900
100 0.628319 1.570000 1.047198 28.845000 1.525400
100 0.628319 1.580000 1.047198 25.491000 1.493200
100 0.628319 1.590000 1.047198 25.431000 1.498000
100 0.628319 1.600000 1.047198 25.426000 1.470300
100 0.628319 1.610000 1.047198 24.210000 1.459800
100 0.628319 1.620000 1.047198 25.250000 1.470500
100 0.628319 1.630000 1.047198 26.988000 1.607900
100 0.628319 1.640000 1.047198 24.218000 1.528600
100 0.628319 1.650000 1.047198 23.000000 1.438200
100 0.628319 1.660000 1.047198 22.536000 1.481100
100 0.628319 1.670000 1.047198 23.548000 1.507800
100 0.628319 1.680000 1.047198 21.683000 1.419800
100 0.628319 1.690000 1.047198 22.651000 1.441300
100 0.628319 1.700000 1.047198 21.079000 1.401300
100 0.628319 1.710000 1.047198 21.175000 1.454600
100 0.628319 1.720000 1.047198 21.815000 1.390700
100 0.628319 1.730000 1.047198 22.047000 1.444900
100 0.628319 1.740000 1.047198 20.766000 1.430400
100 0.628319 1.750000 1.047198 23.652000 1.419400
100 0.628319 1.760000 1.047198 22.474000 1.417600
100 0.628319 1.770000 1.047198 20.324000 1.315000
100 0.628319 1.780000 1.047198 20.100000 1.354700
100 0.628319 1.800000 1.047198 21.780000 1.461700
100 0.628319 1.810000 1.047198 18.839000 1.333800
100 0.628319 1.820000 1.047198 21.504000 1.399600
100 0.628319 1.830000 1.047198 19.896000 1.387800
100 0.628319 1.840000 1.047198 20.083000 1.382900
100 0.628319 1.850000 1.047198 19.484000 1.425100
100 0.628319 1.860000 1.047198 20.371000 1.368900
100 0.628319 1.870000 1.047198 18.360000 1.324300
100 0.628319 1.880000 1.047198 18.764000 1.340400
100 0.628319 1.890000 1.047198 17.956000 1.308700
100 0.628319 1.900000 1.047198 20.916000 1.306200
100 0.628319 1.910000 1.047198 18.364000 1.266100
100 0.628319 1.920000 1.047198 16.709000 1.276300
100 0.628319 1.930000 1.047198 16.561000 1.305200
100 0.628319 1.940000 1.047198 17.416000 1.238800
100 0.628319 1.950000 1.047198 18.384000 1.402300
100 0.628319 1.960000 1.047198 17.577000 1.287700
100 0.628319 1.970000 1.047198 16.177000 1.267800
100 0.628319 1.980000 1.047198 16.533000 1.279900
100 0.628319 1.990000 1.047198 16.586000 1.285300
100 0.628319 2.000000 1.047198 18.953000 1.359400
100 0.628319 2.010000 1.047198 16.997000 1.300000
100 0.628319 2.020000 1.047198 14.801000 1.263500
100 0.628319 2.030000 1.047198 16.580000 1.316200
100 0.628319 2.040000 1.047198 17.129000 1.257100
100 0.628319 2.050000 1.047198 15.332000 1.236600
100 0.628319 2.060000 1.047198 15.206000 1.229600
100 0.628319 2.070000 1.047198 14.541000 1.130500
100 0.628319 2.080000 1.047198 17.164000 1.288600
100 0.628319 2.090000 1.047198 18.076000 1.313500
100 0.628319 2.100000 1.047198 16.941000 1.244500
100 0.628319 2.110000 1.047198 12.809000 1.070600
100 0.628319 2.120000 1.047198 13.794000 1.131700
100 0.628319 2.130000 1.047198 14.023000 1.238600
100 0.628319 2.140000 1.047198 15.311000 1.180700
100 0.628319 2.150000 1.047198 13.770000 1.159300
100 0.628319 2.160000 1.047198 14.755000 1.268200
100 0.628319 2.170000 1.047198 14.606000 1.124500
100 0.628319 2.180000 1.047198 13.411000 1.137700
100 0.628319 2.190000 1.047198 12.365000 1.166100
100 0.628319 2.200000 1.047198 13.423000 1.132600
100 0.628319 2.210000 1.047198 13.866000 1.182000
100 0.628319 2.220000 1.047198 12.628000 1.134500
100 0.628319 2.230000 1.047198 14.084000 1.127700
100 0.628319 2.240000 1.047198 12.530000 1.060700
100 0.628319 2.250000 1.047198 13.238000 1.088300
100 0.628319 2.260000 1.047198 13.565000 1.086500
100 0.628319 2.270000 1.047198 13.809000 1.174100
100 0.628319 2.280000 1.047198 12.897000 1.083500
100 0.628319 2.290000 1.047198 12.476000 1.097200
100 0.628319 2.300000 1.047198 13.059000 1.007900
100 0.628319 2.310000 1.047198 11.031000 0.996910
100 0.628319 2.320000 1.047198 14.204000 1.109000
100 0.628319 2.330000 1.047198 12.278000 1.111600
100 0.628319 2.340000 1.047198 12.074000 1.127800
100 0.628319 2.350000 1.047198 10.884000 1.076700
100 0.628319 2.360000 1.047198 12.213000 1.129900
100 0.628319 2.370000 1.047198 12.395000 1.062800
100 0.628319 2.380000 1.047198 12.637000 1.127600
100 0.628319 2.390000 1.047198 11.708000 1.122100
100 0.628319 2.400000 1.047198 12.508000 1.048100
100 0.628319 2.410000 1.047198 11.848000 0.990000
100 0.628319 2.420000 1.047198 12.696000 1.026000
100 0.628319 2.430000 1.047198 12.411000 0.996440
100 0.628319 2.440000 1.047198 10.554000 0.884320
100 0.628319 2.450000 1.047198 10.064000 0.968810
100 0.628319 2.460000 1.047198 11.708000 1.036600
100 0.628319 2.470000 1.047198 12.624000 1.062400
100 0.628319 2.490000 1.047198 12.048000 1.049100
100 0.628319 2.500000 1.047198 10.840000 0.992040
100 0.628319 2.510000 1.047198 9.635000 0.935710
100 0.628319 2.520000 1.047198 5.331400 0.001000
100 0.628319 2.530000 1.047198 11.306000 0.926290
100 0.628319 2.540000 1.047198 9.544400 0.893570
100 0.628319 2.550000 1.047198 10.173000 0.909870
100 0.628319 2.560000 1.047198 10.074000 0.912290
100 0.628319 2.570000 1.047198 9.066100 0.822760
100 0.628319 2.580000 1.047198 8.393500 0.893090
100 0.628319 2.590000 1.047198 10.568000 0.938400
100 0.628319 2.600000 1.047198 9.259700 0.924680
100 0.628319 2.610000 1.047198 10.640000 0.965530
100 0.628319 2.650000 1.047198 6.365900 0.495410
100 0.628319 2.660000 1.047198 8.744100 0.790600
100 0.628319 2.670000 1.047198 7.734000 0.709550
100 0.628319 2.690000 1.047198 8.393300 0.673320
100 0.628319 2.700000 1.047198 10.047000 0.939670
100 0.628319 2.710000 1.047198 6.641600 0.382540
100 0.628319 2.720000 1.047198 7.973700 0.865710
100 0.628319 2.730000 1.047198 8.259500 0.788660
100 0.628319 2.740000 1.047198 6.745000 0.582020
100 0.628319 2.750000 1.047198 8.996800 0.694980
100 0.628319 2.770000 1.047198 5.575700 0.001000
100 0.628319 2.780000 1.047198 6.079900 0.137490
100 0.628319 2.810000 1.047198 6.656100 0.546900
100 0.628319 2.840000 1.047198 5.678600 0.001000
100 0.628319 2.860000 1.047198 6.961300 0.489120
100 0.628319 2.870000 1.047198 4.871200 0.001000
100 0.628319 2.880000 1.047198 5.887400 0.285080
100 0.628319 2.890000 1.047198 6.697900 0.347120
100 0.628319 2.900000 1.047198 5.415600 0.001000
100 0.628319 2.910000 1.047198 5.541000 0.001000
100 0.628319 2.920000 1.047198 5.356400 0.042296
100 0.628319 2.930000 1.047198 5.385900 0.157020
100 0.628319 2.940000 1.047198 5.469500 0.024842
100 0.628319 2.950000 1.047198 5.205200 0.045746
100 0.628319 2.960000 1.047198 4.756300 0.001000
100 0.628319 2.980000 1.047198 5.201900 0.046111
100 0.628319 2.990000 1.047198 5.266000 0.001446
100 0.628319 3.020000 1.047198 5.294700 0.001000
100 0.628319 3.030000 1.047198 6.179500 0.195070
100 0.628319 3.050000 1.047198 5.346800 0.001000
100 0.628319 3.060000 1.047198 4.774900 0.001000
100 0.628319 3.070000 1.047198 4.339600 0.001000
100 0.628319 3.080000 1.047198 5.255000 0.105550
100 0.628319 3.110000 1.047198 5.720700 0.001000
100 0.628319 3.120000 1.047198 5.457300 0.026849
100 0.628319 3.130000 1.047198 5.769900 0.021731
100 0.628319 3.140000 1.047198 5.569600 0.019547
100 0.628319 3.150000 1.047198 5.391500 0.001000

