1000 0.000000 1.000000 1.001000
1000 0.000000 2.000000 0.501000
1000 0.000000 3.000000 0.334333
1000 0.000000 4.000000 0.251000
1000 0.000000 5.000000 0.201000
1000 0.000000 6.000000 0.167667
1000 0.000000 7.000000 0.143857
1000 0.000000 8.000000 0.126000
1000 0.000000 9.000000 0.112111
1000 0.000000 10.000000 0.101000
1000 0.000000 11.000000 0.091909
1000 0.000000 12.000000 0.084333
1000 0.000000 13.000000 0.077923
1000 0.000000 14.000000 0.072429
1000 0.000000 15.000000 0.067667
1000 0.000000 20.000000 0.051000
1000 0.000000 25.000000 0.041000
1000 0.000000 30.000000 0.034333
1000 0.000000 35.000000 0.029571
1000 0.000000 40.000000 0.026000
1000 0.000000 45.000000 0.023222
1000 0.000000 50.000000 0.021000
1000 0.000000 55.000000 0.019182
1000 0.000000 60.000000 0.017667
1000 0.261799 1.000000 1.001000
1000 0.261799 2.000000 0.506682
1000 0.261799 3.000000 0.345634
1000 0.261799 4.000000 0.268117
1000 0.261799 5.000000 0.223361
1000 0.261799 6.000000 0.195643
1000 0.261799 7.000000 0.177534
1000 0.261799 8.000000 0.164436
1000 0.261799 9.000000 0.155032
1000 0.261799 10.000000 0.150789
1000 0.261799 11.000000 0.146632
1000 0.261799 12.000000 0.142244
1000 0.261799 13.000000 0.143554
1000 0.261799 14.000000 0.143944
1000 0.261799 15.000000 0.141241
1000 0.261799 20.000000 0.150272
1000 0.261799 25.000000 0.164079
1000 0.261799 30.000000 0.178779
1000 0.261799 35.000000 0.191962
1000 0.261799 40.000000 0.216641
1000 0.261799 45.000000 0.229879
1000 0.261799 50.000000 0.255600
1000 0.261799 55.000000 0.259194
1000 0.261799 60.000000 0.282099
1000 0.523599 1.000000 1.001000
1000 0.523599 2.000000 0.523473
1000 0.523599 3.000000 0.378494
1000 0.523599 4.000000 0.315555
1000 0.523599 5.000000 0.286134
1000 0.523599 6.000000 0.272963
1000 0.523599 7.000000 0.269344
1000 0.523599 8.000000 0.270177
1000 0.523599 9.000000 0.273642
1000 0.523599 10.000000 0.280776
1000 0.523599 11.000000 0.289101
1000 0.523599 12.000000 0.297319
1000 0.523599 13.000000 0.306020
1000 0.523599 14.000000 0.317887
1000 0.523599 15.000000 0.324161
1000 0.523599 20.000000 0.374780
1000 0.523599 25.000000 0.419088
1000 0.523599 30.000000 0.472841
1000 0.523599 35.000000 0.500937
1000 0.523599 40.000000 0.552577
1000 0.523599 45.000000 0.578201
1000 0.523599 50.000000 0.614029
1000 0.523599 55.000000 0.623916
1000 0.523599 60.000000 0.646120
1000 1.256637 1.000000 1.001000
1000 1.256637 2.000000 0.622037
1000 1.256637 3.000000 0.557200
1000 1.256637 4.000000 0.557084
1000 1.256637 5.000000 0.580726
1000 1.256637 6.000000 0.609064
1000 1.256637 7.000000 0.639151
1000 1.256637 8.000000 0.663287
1000 1.256637 9.000000 0.684447
1000 1.256637 10.000000 0.709424
1000 1.256637 11.000000 0.732321
1000 1.256637 12.000000 0.752118
1000 1.256637 13.000000 0.758596
1000 1.256637 14.000000 0.779530
1000 1.256637 15.000000 0.794345
1000 1.256637 20.000000 0.838026
1000 1.256637 25.000000 0.868760
1000 1.256637 30.000000 0.882932
1000 1.256637 35.000000 0.896182
1000 1.256637 40.000000 0.904751
1000 1.256637 45.000000 0.909680
1000 1.256637 50.000000 0.916047
1000 1.256637 55.000000 0.914835
1000 1.256637 60.000000 0.916753
