100 0.392699 1.000000 0.000000 98.812000 42.325000
100 0.392699 1.010000 0.000000 100.100000 43.610000
100 0.392699 1.020000 0.000000 90.245000 41.397000
100 0.392699 1.030000 0.000000 93.041000 42.994000
100 0.392699 1.040000 0.000000 97.486000 42.292000
100 0.392699 1.050000 0.000000 74.152000 43.159000
100 0.392699 1.060000 0.000000 58.760000 43.875000
100 0.392699 1.070000 0.000000 59.677000 42.457000
100 0.392699 1.080000 0.000000 71.521000 41.701000
100 0.392699 1.090000 0.000000 47.711000 40.192000
100 0.392699 1.100000 0.000000 51.576000 40.361000
100 0.392699 1.110000 0.000000 48.540000 42.143000
100 0.392699 1.120000 0.000000 53.592000 43.456000
100 0.392699 1.130000 0.000000 43.551000 42.735000
100 0.392699 1.140000 0.000000 48.247000 41.942000
100 0.392699 1.150000 0.000000 46.560000 41.152000
100 0.392699 1.160000 0.000000 38.247000 40.062000
100 0.392699 1.170000 0.000000 35.459000 40.844000
100 0.392699 1.180000 0.000000 36.677000 39.898000
100 0.392699 1.190000 0.000000 35.993000 41.667000
100 0.392699 1.200000 0.000000 36.887000 39.671000
100 0.392699 1.210000 0.000000 35.660000 42.343000
100 0.392699 1.220000 0.000000 31.945000 41.522000
100 0.392699 1.230000 0.000000 36.184000 40.373000
100 0.392699 1.240000 0.000000 33.801000 40.016000
100 0.392699 1.250000 0.000000 30.592000 40.878000
100 0.392699 1.260000 0.000000 31.211000 41.239000
100 0.392699 1.270000 0.000000 31.106000 40.961000
100 0.392699 1.280000 0.000000 29.181000 41.086000
100 0.392699 1.290000 0.000000 28.996000 39.428000
100 0.392699 1.300000 0.000000 27.911000 40.534000
100 0.392699 1.310000 0.000000 25.057000 39.540000
100 0.392699 1.320000 0.000000 23.475000 44.553000
100 0.392699 1.330000 0.000000 26.131000 41.209000
100 0.392699 1.340000 0.000000 29.572000 41.368000
100 0.392699 1.350000 0.000000 26.697000 42.055000
100 0.392699 1.360000 0.000000 27.964000 35.794000
100 0.392699 1.370000 0.000000 23.843000 40.651000
100 0.392699 1.380000 0.000000 26.790000 40.327000
100 0.392699 1.390000 0.000000 20.351000 40.819000
100 0.392699 1.400000 0.000000 23.121000 38.503000
100 0.392699 1.410000 0.000000 25.030000 38.819000
100 0.392699 1.420000 0.000000 22.460000 38.313000
100 0.392699 1.430000 0.000000 22.829000 39.194000
100 0.392699 1.440000 0.000000 21.676000 41.616000
100 0.392699 1.450000 0.000000 22.113000 40.463000
100 0.392699 1.460000 0.000000 22.011000 40.595000
100 0.392699 1.470000 0.000000 22.171000 40.477000
100 0.392699 1.480000 0.000000 23.760000 40.889000
100 0.392699 1.490000 0.000000 22.160000 39.861000
100 0.392699 1.500000 0.000000 19.927000 39.617000
100 0.392699 1.510000 0.000000 21.885000 40.432000
100 0.392699 1.520000 0.000000 20.309000 38.834000
100 0.392699 1.530000 0.000000 21.660000 38.097000
100 0.392699 1.540000 0.000000 21.262000 38.486000
100 0.392699 1.550000 0.000000 20.176000 37.384000
100 0.392699 1.560000 0.000000 21.875000 40.162000
100 0.392699 1.570000 0.000000 20.085000 37.843000
100 0.392699 1.580000 0.000000 19.623000 39.241000
100 0.392699 1.590000 0.000000 17.922000 40.626000
100 0.392699 1.600000 0.000000 20.248000 37.780000
100 0.392699 1.610000 0.000000 16.678000 42.144000
100 0.392699 1.620000 0.000000 19.995000 41.308000
100 0.392699 1.630000 0.000000 19.759000 40.122000
100 0.392699 1.640000 0.000000 18.811000 36.525000
100 0.392699 1.650000 0.000000 19.090000 35.758000
100 0.392699 1.660000 0.000000 18.457000 39.118000
100 0.392699 1.670000 0.000000 19.531000 38.640000
100 0.392699 1.680000 0.000000 18.643000 37.458000
100 0.392699 1.690000 0.000000 19.554000 39.064000
100 0.392699 1.700000 0.000000 17.496000 41.598000
100 0.392699 1.710000 0.000000 17.842000 39.088000
100 0.392699 1.720000 0.000000 17.760000 38.761000
100 0.392699 1.730000 0.000000 15.968000 37.098000
100 0.392699 1.740000 0.000000 14.694000 41.389000
100 0.392699 1.750000 0.000000 17.673000 39.914000
100 0.392699 1.760000 0.000000 16.460000 39.466000
100 0.392699 1.770000 0.000000 15.945000 41.823000
100 0.392699 1.780000 0.000000 16.091000 37.795000
100 0.392699 1.790000 0.000000 15.342000 39.571000
100 0.392699 1.800000 0.000000 16.079000 37.881000
100 0.392699 1.810000 0.000000 14.102000 38.568000
100 0.392699 1.820000 0.000000 14.278000 43.077000
100 0.392699 1.830000 0.000000 14.402000 41.042000
100 0.392699 1.840000 0.000000 14.685000 38.823000
100 0.392699 1.850000 0.000000 14.807000 40.911000
100 0.392699 1.860000 0.000000 15.542000 39.644000
100 0.392699 1.870000 0.000000 14.803000 39.467000
100 0.392699 1.880000 0.000000 13.216000 39.638000
100 0.392699 1.890000 0.000000 14.342000 37.306000
100 0.392699 1.900000 0.000000 13.251000 40.279000
100 0.392699 1.910000 0.000000 14.646000 38.224000
100 0.392699 1.920000 0.000000 16.192000 39.458000
100 0.392699 1.930000 0.000000 13.923000 40.255000
100 0.392699 1.940000 0.000000 15.310000 38.035000
100 0.392699 1.950000 0.000000 12.945000 38.649000
100 0.392699 1.960000 0.000000 14.210000 39.299000
100 0.392699 1.970000 0.000000 14.525000 37.680000
100 0.392699 1.980000 0.000000 13.962000 38.411000
100 0.392699 1.990000 0.000000 13.764000 37.889000
100 0.392699 2.000000 0.000000 13.906000 38.622000
100 0.392699 2.010000 0.000000 14.490000 37.295000
100 0.392699 2.020000 0.000000 16.041000 34.152000
100 0.392699 2.030000 0.000000 12.495000 42.614000
100 0.392699 2.040000 0.000000 11.936000 41.858000
100 0.392699 2.050000 0.000000 13.445000 39.139000
100 0.392699 2.060000 0.000000 12.416000 38.765000
100 0.392699 2.070000 0.000000 13.643000 38.241000
100 0.392699 2.080000 0.000000 13.345000 37.847000
100 0.392699 2.090000 0.000000 14.667000 36.195000
100 0.392699 2.100000 0.000000 12.060000 37.642000
100 0.392699 2.110000 0.000000 12.001000 44.271000
100 0.392699 2.130000 0.000000 11.482000 39.884000
100 0.392699 2.140000 0.000000 11.220000 38.612000
100 0.392699 2.150000 0.000000 10.210000 44.266000
100 0.392699 2.160000 0.000000 12.750000 38.296000
100 0.392699 2.170000 0.000000 10.438000 39.817000
100 0.392699 2.180000 0.000000 11.822000 38.456000
100 0.392699 2.200000 0.000000 11.113000 39.321000
100 0.392699 2.210000 0.000000 11.477000 36.893000
100 0.392699 2.220000 0.000000 11.076000 41.269000
100 0.392699 2.230000 0.000000 10.211000 40.654000
100 0.392699 2.240000 0.000000 10.710000 39.299000
100 0.392699 2.260000 0.000000 9.726300 42.417000
100 0.392699 2.270000 0.000000 11.394000 37.699000
100 0.392699 2.290000 0.000000 10.981000 38.959000
100 0.392699 2.300000 0.000000 10.250000 42.255000
100 0.392699 2.310000 0.000000 10.050000 37.535000
100 0.392699 2.320000 0.000000 10.818000 40.118000
100 0.392699 2.340000 0.000000 9.918200 36.470000
100 0.392699 2.350000 0.000000 10.196000 38.216000
100 0.392699 2.370000 0.000000 8.907100 42.744000
100 0.392699 2.390000 0.000000 10.611000 38.244000
100 0.392699 2.400000 0.000000 10.570000 39.099000
100 0.392699 2.410000 0.000000 9.531600 38.197000
100 0.392699 2.420000 0.000000 12.326000 34.872000
100 0.392699 2.430000 0.000000 7.735400 43.097000
100 0.392699 2.440000 0.000000 7.582200 39.255000
100 0.392699 2.460000 0.000000 9.396300 39.376000
100 0.392699 2.490000 0.000000 7.834100 41.674000
100 0.392699 2.500000 0.000000 8.824100 41.745000
100 0.392699 2.520000 0.000000 9.507000 42.504000
100 0.392699 2.530000 0.000000 9.512200 38.225000
100 0.392699 2.550000 0.000000 8.051800 38.675000
100 0.392699 2.570000 0.000000 8.669700 38.779000
100 0.392699 2.580000 0.000000 8.340300 39.783000
100 0.392699 2.590000 0.000000 9.480500 38.054000
100 0.392699 2.600000 0.000000 7.465000 40.797000
100 0.392699 2.610000 0.000000 8.558600 38.473000
100 0.392699 2.620000 0.000000 7.958600 36.448000
100 0.392699 2.630000 0.000000 8.926200 43.468000
100 0.392699 2.640000 0.000000 7.763100 41.096000
100 0.392699 2.650000 0.000000 7.473200 42.269000
100 0.392699 2.660000 0.000000 7.831100 38.439000
100 0.392699 2.670000 0.000000 8.889700 41.780000
100 0.392699 2.680000 0.000000 8.606700 39.990000
100 0.392699 2.690000 0.000000 7.612900 40.044000
100 0.392699 2.720000 0.000000 7.279500 41.801000
100 0.392699 2.740000 0.000000 7.730400 37.304000
100 0.392699 2.770000 0.000000 7.085500 41.741000
100 0.392699 2.780000 0.000000 8.377800 37.276000
100 0.392699 2.790000 0.000000 7.042000 42.121000
100 0.392699 2.820000 0.000000 5.978300 44.591000
100 0.392699 2.830000 0.000000 6.229900 39.702000
100 0.392699 2.840000 0.000000 5.861900 40.394000
100 0.628319 1.000000 0.000000 97.766000 25.553000
100 0.628319 1.010000 0.000000 91.348000 27.125000
100 0.628319 1.020000 0.000000 99.826000 26.573000
100 0.628319 1.030000 0.000000 100.100000 25.118000
100 0.628319 1.040000 0.000000 95.233000 24.760000
100 0.628319 1.050000 0.000000 98.857000 23.325000
100 0.628319 1.060000 0.000000 85.657000 24.685000
100 0.628319 1.070000 0.000000 84.407000 23.866000
100 0.628319 1.080000 0.000000 74.615000 24.949000
100 0.628319 1.090000 0.000000 70.390000 25.089000
100 0.628319 1.100000 0.000000 63.800000 24.359000
100 0.628319 1.110000 0.000000 70.797000 23.167000
100 0.628319 1.120000 0.000000 52.749000 23.995000
100 0.628319 1.130000 0.000000 55.565000 22.871000
100 0.628319 1.140000 0.000000 86.667000 22.512000
100 0.628319 1.150000 0.000000 57.502000 24.781000
100 0.628319 1.160000 0.000000 52.771000 23.188000
100 0.628319 1.170000 0.000000 54.861000 24.341000
100 0.628319 1.180000 0.000000 59.206000 23.523000
100 0.628319 1.190000 0.000000 48.115000 23.342000
100 0.628319 1.200000 0.000000 50.160000 23.783000
100 0.628319 1.220000 0.000000 43.291000 23.865000
100 0.628319 1.230000 0.000000 45.087000 24.017000
100 0.628319 1.240000 0.000000 44.341000 23.956000
100 0.628319 1.250000 0.000000 45.151000 23.150000
100 0.628319 1.260000 0.000000 39.909000 23.975000
100 0.628319 1.270000 0.000000 41.631000 23.608000
100 0.628319 1.290000 0.000000 36.976000 24.711000
100 0.628319 1.300000 0.000000 41.163000 23.006000
100 0.628319 1.310000 0.000000 37.566000 24.292000
100 0.628319 1.320000 0.000000 35.228000 23.291000
100 0.628319 1.330000 0.000000 34.317000 24.103000
100 0.628319 1.340000 0.000000 36.256000 23.150000
100 0.628319 1.350000 0.000000 36.876000 23.233000
100 0.628319 1.360000 0.000000 35.182000 22.609000
100 0.628319 1.370000 0.000000 37.983000 23.834000
100 0.628319 1.380000 0.000000 31.262000 24.412000
100 0.628319 1.390000 0.000000 36.545000 23.444000
100 0.628319 1.400000 0.000000 32.103000 22.292000
100 0.628319 1.410000 0.000000 32.983000 22.453000
100 0.628319 1.430000 0.000000 29.777000 22.321000
100 0.628319 1.440000 0.000000 32.188000 23.738000
100 0.628319 1.450000 0.000000 31.107000 22.922000
100 0.628319 1.460000 0.000000 32.192000 22.918000
100 0.628319 1.470000 0.000000 29.017000 23.947000
100 0.628319 1.480000 0.000000 29.798000 22.380000
100 0.628319 1.490000 0.000000 28.998000 23.829000
100 0.628319 1.500000 0.000000 31.040000 23.091000
100 0.628319 1.510000 0.000000 28.462000 23.428000
100 0.628319 1.520000 0.000000 28.417000 22.318000
100 0.628319 1.530000 0.000000 27.318000 24.975000
100 0.628319 1.540000 0.000000 29.134000 22.930000
100 0.628319 1.550000 0.000000 27.806000 23.853000
100 0.628319 1.560000 0.000000 26.696000 22.772000
100 0.628319 1.570000 0.000000 27.447000 22.559000
100 0.628319 1.580000 0.000000 24.442000 23.015000
100 0.628319 1.590000 0.000000 25.893000 23.720000
100 0.628319 1.600000 0.000000 25.362000 22.529000
100 0.628319 1.610000 0.000000 25.896000 22.646000
100 0.628319 1.620000 0.000000 26.056000 23.568000
100 0.628319 1.630000 0.000000 27.155000 23.651000
100 0.628319 1.640000 0.000000 26.420000 22.270000
100 0.628319 1.650000 0.000000 26.455000 23.053000
100 0.628319 1.660000 0.000000 23.937000 24.075000
100 0.628319 1.670000 0.000000 22.560000 22.424000
100 0.628319 1.680000 0.000000 27.527000 20.683000
100 0.628319 1.690000 0.000000 24.522000 21.978000
100 0.628319 1.700000 0.000000 24.362000 21.916000
100 0.628319 1.710000 0.000000 25.653000 20.508000
100 0.628319 1.720000 0.000000 24.688000 22.520000
100 0.628319 1.730000 0.000000 23.259000 21.659000
100 0.628319 1.740000 0.000000 22.507000 22.658000
100 0.628319 1.750000 0.000000 21.975000 23.254000
100 0.628319 1.760000 0.000000 21.577000 22.802000
100 0.628319 1.770000 0.000000 21.073000 23.173000
100 0.628319 1.780000 0.000000 21.176000 23.635000
100 0.628319 1.790000 0.000000 22.197000 21.675000
100 0.628319 1.800000 0.000000 21.429000 22.173000
100 0.628319 1.810000 0.000000 21.954000 21.791000
100 0.628319 1.820000 0.000000 21.472000 22.559000
100 0.628319 1.830000 0.000000 21.195000 21.654000
100 0.628319 1.840000 0.000000 21.618000 21.305000
100 0.628319 1.850000 0.000000 20.661000 23.427000
100 0.628319 1.860000 0.000000 21.333000 22.562000
100 0.628319 1.870000 0.000000 21.703000 20.718000
100 0.628319 1.880000 0.000000 19.342000 23.064000
100 0.628319 1.890000 0.000000 18.976000 23.947000
100 0.628319 1.900000 0.000000 20.471000 21.515000
100 0.628319 1.910000 0.000000 19.990000 21.679000
100 0.628319 1.920000 0.000000 20.935000 21.305000
100 0.628319 1.930000 0.000000 21.402000 21.620000
100 0.628319 1.940000 0.000000 20.207000 21.860000
100 0.628319 1.950000 0.000000 18.310000 22.007000
100 0.628319 1.960000 0.000000 17.480000 22.637000
100 0.628319 1.970000 0.000000 20.807000 21.349000
100 0.628319 1.980000 0.000000 19.058000 22.223000
100 0.628319 1.990000 0.000000 19.797000 20.394000
100 0.628319 2.000000 0.000000 18.828000 21.764000
100 0.628319 2.010000 0.000000 17.333000 21.244000
100 0.628319 2.020000 0.000000 17.590000 22.382000
100 0.628319 2.030000 0.000000 18.247000 21.913000
100 0.628319 2.040000 0.000000 17.566000 21.383000
100 0.628319 2.050000 0.000000 17.190000 21.858000
100 0.628319 2.060000 0.000000 18.124000 22.673000
100 0.628319 2.070000 0.000000 17.055000 21.813000
100 0.628319 2.080000 0.000000 18.521000 20.632000
100 0.628319 2.090000 0.000000 17.860000 20.998000
100 0.628319 2.100000 0.000000 16.083000 21.436000
100 0.628319 2.110000 0.000000 16.781000 21.847000
100 0.628319 2.120000 0.000000 16.917000 22.575000
100 0.628319 2.130000 0.000000 14.556000 22.774000
100 0.628319 2.140000 0.000000 16.322000 20.753000
100 0.628319 2.150000 0.000000 16.803000 21.273000
100 0.628319 2.160000 0.000000 15.007000 21.873000
100 0.628319 2.170000 0.000000 16.690000 21.709000
100 0.628319 2.180000 0.000000 15.880000 21.752000
100 0.628319 2.190000 0.000000 15.904000 21.652000
100 0.628319 2.200000 0.000000 16.240000 19.708000
100 0.628319 2.220000 0.000000 15.696000 20.888000
100 0.628319 2.230000 0.000000 14.304000 21.999000
100 0.628319 2.240000 0.000000 15.915000 20.872000
100 0.628319 2.250000 0.000000 16.741000 20.662000
100 0.628319 2.260000 0.000000 14.924000 21.309000
100 0.628319 2.270000 0.000000 13.716000 21.997000
100 0.628319 2.280000 0.000000 15.979000 20.441000
100 0.628319 2.290000 0.000000 15.784000 21.580000
100 0.628319 2.300000 0.000000 15.129000 22.921000
100 0.628319 2.310000 0.000000 15.249000 20.104000
100 0.628319 2.320000 0.000000 14.419000 21.279000
100 0.628319 2.330000 0.000000 14.045000 21.339000
100 0.628319 2.340000 0.000000 14.572000 21.757000
100 0.628319 2.350000 0.000000 14.656000 20.976000
100 0.628319 2.360000 0.000000 14.940000 22.054000
100 0.628319 2.370000 0.000000 13.876000 21.737000
100 0.628319 2.380000 0.000000 15.446000 20.765000
100 0.628319 2.390000 0.000000 13.130000 22.020000
100 0.628319 2.400000 0.000000 11.929000 20.834000
100 0.628319 2.410000 0.000000 13.220000 21.943000
100 0.628319 2.420000 0.000000 13.122000 20.497000
100 0.628319 2.430000 0.000000 13.561000 19.860000
100 0.628319 2.440000 0.000000 14.266000 20.447000
100 0.628319 2.450000 0.000000 13.028000 21.895000
100 0.628319 2.460000 0.000000 11.959000 22.278000
100 0.628319 2.470000 0.000000 11.954000 22.729000
100 0.628319 2.480000 0.000000 12.499000 21.179000
100 0.628319 2.490000 0.000000 13.471000 20.009000
100 0.628319 2.500000 0.000000 15.384000 20.207000
100 0.628319 2.510000 0.000000 12.731000 22.212000
100 0.628319 2.520000 0.000000 11.887000 21.007000
100 0.628319 2.530000 0.000000 13.328000 18.816000
100 0.628319 2.540000 0.000000 11.596000 22.968000
100 0.628319 2.550000 0.000000 11.141000 21.054000
100 0.628319 2.570000 0.000000 14.251000 19.921000
100 0.628319 2.580000 0.000000 12.952000 19.960000
100 0.628319 2.590000 0.000000 10.558000 21.537000
100 0.628319 2.600000 0.000000 11.844000 21.144000
100 0.628319 2.610000 0.000000 10.786000 21.124000
100 0.628319 2.630000 0.000000 13.197000 20.939000
100 0.628319 2.640000 0.000000 12.102000 21.971000
100 0.628319 2.650000 0.000000 10.551000 22.917000
100 0.628319 2.660000 0.000000 10.350000 22.018000
100 0.628319 2.670000 0.000000 11.470000 21.639000
100 0.628319 2.680000 0.000000 11.501000 18.792000
100 0.628319 2.690000 0.000000 11.291000 20.295000
100 0.628319 2.700000 0.000000 11.666000 21.508000
100 0.628319 2.710000 0.000000 11.239000 20.596000
100 0.628319 2.720000 0.000000 11.113000 21.558000
100 0.628319 2.730000 0.000000 10.709000 21.777000
100 0.628319 2.740000 0.000000 10.524000 20.647000
100 0.628319 2.770000 0.000000 10.791000 22.337000
100 0.628319 2.780000 0.000000 9.672500 18.852000
100 0.628319 2.790000 0.000000 10.374000 21.759000
100 0.628319 2.810000 0.000000 9.250900 20.658000
100 0.628319 2.820000 0.000000 11.385000 21.090000
100 0.628319 2.840000 0.000000 9.437500 20.582000
100 0.628319 2.850000 0.000000 10.692000 21.470000
100 0.628319 2.860000 0.000000 10.197000 21.021000
100 0.628319 2.870000 0.000000 9.227700 21.936000
100 0.628319 2.890000 0.000000 11.052000 19.231000
100 0.628319 2.900000 0.000000 8.489300 20.370000
100 0.628319 2.910000 0.000000 9.108900 21.576000
100 0.628319 2.920000 0.000000 9.745300 19.023000
100 0.628319 2.930000 0.000000 8.772700 19.137000
100 0.628319 2.940000 0.000000 10.584000 20.099000
100 0.628319 2.950000 0.000000 7.690200 21.872000
100 0.628319 2.960000 0.000000 8.451700 21.047000
100 0.628319 2.970000 0.000000 8.882600 19.212000
100 0.628319 2.980000 0.000000 8.692000 18.687000
100 0.628319 2.990000 0.000000 6.885400 18.022000
100 0.628319 3.010000 0.000000 7.653500 19.521000
100 0.628319 3.020000 0.000000 9.831400 20.172000
100 0.628319 3.040000 0.000000 8.498000 17.652000
100 0.628319 3.050000 0.000000 6.489100 19.602000
100 0.628319 3.060000 0.000000 6.007500 19.470000
100 0.628319 3.070000 0.000000 7.344300 22.699000
100 0.628319 3.080000 0.000000 7.496100 22.233000
100 0.628319 3.090000 0.000000 7.029800 18.645000
100 0.628319 3.100000 0.000000 7.085200 19.996000
100 0.628319 3.110000 0.000000 6.710900 19.890000
100 0.628319 3.130000 0.000000 5.959500 19.701000
100 0.628319 3.140000 0.000000 5.100800 21.881000
100 1.047198 1.000000 0.000000 98.799000 15.590000
100 1.047198 1.010000 0.000000 99.290000 14.746000
100 1.047198 1.020000 0.000000 100.100000 14.450000
100 1.047198 1.030000 0.000000 97.549000 14.298000
100 1.047198 1.040000 0.000000 100.040000 13.383000
100 1.047198 1.050000 0.000000 97.189000 14.120000
100 1.047198 1.060000 0.000000 100.100000 13.832000
100 1.047198 1.070000 0.000000 96.298000 13.828000
100 1.047198 1.080000 0.000000 94.460000 14.009000
100 1.047198 1.090000 0.000000 95.502000 13.665000
100 1.047198 1.100000 0.000000 87.043000 13.217000
100 1.047198 1.110000 0.000000 89.580000 13.173000
100 1.047198 1.120000 0.000000 75.894000 13.223000
100 1.047198 1.130000 0.000000 81.582000 13.752000
100 1.047198 1.140000 0.000000 72.432000 13.358000
100 1.047198 1.150000 0.000000 66.473000 14.133000
100 1.047198 1.160000 0.000000 71.990000 13.295000
100 1.047198 1.170000 0.000000 68.998000 12.925000
100 1.047198 1.180000 0.000000 70.059000 12.912000
100 1.047198 1.190000 0.000000 63.403000 13.689000
100 1.047198 1.200000 0.000000 70.098000 13.419000
100 1.047198 1.210000 0.000000 63.404000 13.183000
100 1.047198 1.220000 0.000000 54.586000 13.587000
100 1.047198 1.230000 0.000000 59.395000 13.478000
100 1.047198 1.240000 0.000000 56.474000 12.913000
100 1.047198 1.250000 0.000000 55.231000 13.215000
100 1.047198 1.260000 0.000000 52.599000 13.365000
100 1.047198 1.270000 0.000000 50.610000 13.487000
100 1.047198 1.280000 0.000000 51.277000 13.680000
100 1.047198 1.290000 0.000000 49.126000 12.789000
100 1.047198 1.300000 0.000000 50.461000 13.635000
100 1.047198 1.310000 0.000000 49.337000 13.105000
100 1.047198 1.320000 0.000000 44.028000 13.262000
100 1.047198 1.330000 0.000000 40.384000 14.051000
100 1.047198 1.340000 0.000000 46.745000 13.433000
100 1.047198 1.350000 0.000000 46.244000 13.143000
100 1.047198 1.360000 0.000000 42.941000 12.835000
100 1.047198 1.370000 0.000000 41.299000 13.043000
100 1.047198 1.380000 0.000000 42.699000 13.494000
100 1.047198 1.390000 0.000000 43.060000 13.140000
100 1.047198 1.400000 0.000000 38.423000 13.581000
100 1.047198 1.410000 0.000000 41.336000 13.570000
100 1.047198 1.420000 0.000000 40.420000 13.252000
100 1.047198 1.430000 0.000000 39.994000 13.098000
100 1.047198 1.440000 0.000000 38.411000 13.655000
100 1.047198 1.450000 0.000000 40.129000 12.301000
100 1.047198 1.460000 0.000000 37.808000 12.993000
100 1.047198 1.470000 0.000000 39.308000 13.358000
100 1.047198 1.480000 0.000000 38.150000 12.568000
100 1.047198 1.490000 0.000000 38.885000 12.791000
100 1.047198 1.500000 0.000000 36.155000 13.804000
100 1.047198 1.510000 0.000000 34.842000 12.912000
100 1.047198 1.520000 0.000000 38.138000 12.875000
100 1.047198 1.530000 0.000000 35.599000 12.916000
100 1.047198 1.540000 0.000000 37.037000 12.802000
100 1.047198 1.550000 0.000000 33.484000 12.652000
100 1.047198 1.560000 0.000000 32.970000 13.452000
100 1.047198 1.570000 0.000000 34.193000 12.631000
100 1.047198 1.580000 0.000000 31.632000 12.741000
100 1.047198 1.590000 0.000000 30.684000 13.014000
100 1.047198 1.600000 0.000000 33.187000 12.469000
100 1.047198 1.610000 0.000000 31.986000 13.258000
100 1.047198 1.620000 0.000000 30.943000 13.047000
100 1.047198 1.630000 0.000000 28.918000 13.556000
100 1.047198 1.640000 0.000000 27.705000 12.993000
100 1.047198 1.650000 0.000000 30.637000 12.937000
100 1.047198 1.660000 0.000000 29.257000 12.838000
100 1.047198 1.670000 0.000000 31.261000 12.458000
100 1.047198 1.680000 0.000000 28.340000 13.396000
100 1.047198 1.690000 0.000000 31.841000 12.940000
100 1.047198 1.700000 0.000000 29.785000 12.391000
100 1.047198 1.710000 0.000000 28.868000 12.651000
100 1.047198 1.720000 0.000000 26.909000 13.718000
100 1.047198 1.730000 0.000000 27.860000 13.094000
100 1.047198 1.740000 0.000000 29.700000 12.317000
100 1.047198 1.750000 0.000000 29.777000 12.115000
100 1.047198 1.760000 0.000000 26.956000 12.080000
100 1.047198 1.770000 0.000000 30.361000 11.923000
100 1.047198 1.780000 0.000000 26.570000 13.210000
100 1.047198 1.790000 0.000000 25.779000 13.037000
100 1.047198 1.800000 0.000000 26.638000 13.091000
100 1.047198 1.810000 0.000000 24.587000 12.652000
100 1.047198 1.820000 0.000000 25.621000 13.272000
100 1.047198 1.830000 0.000000 25.148000 13.212000
100 1.047198 1.840000 0.000000 25.579000 13.299000
100 1.047198 1.850000 0.000000 27.158000 12.001000
100 1.047198 1.860000 0.000000 23.964000 12.659000
100 1.047198 1.870000 0.000000 23.236000 12.717000
100 1.047198 1.880000 0.000000 23.823000 12.365000
100 1.047198 1.890000 0.000000 22.778000 12.278000
100 1.047198 1.900000 0.000000 23.719000 12.991000
100 1.047198 1.910000 0.000000 21.795000 13.408000
100 1.047198 1.920000 0.000000 22.074000 12.346000
100 1.047198 1.930000 0.000000 22.860000 13.020000
100 1.047198 1.940000 0.000000 23.725000 12.501000
100 1.047198 1.950000 0.000000 22.622000 12.921000
100 1.047198 1.960000 0.000000 24.027000 12.857000
100 1.047198 1.970000 0.000000 21.147000 12.239000
100 1.047198 1.980000 0.000000 21.640000 12.815000
100 1.047198 1.990000 0.000000 20.347000 12.337000
100 1.047198 2.000000 0.000000 21.420000 13.087000
100 1.047198 2.010000 0.000000 23.109000 12.350000
100 1.047198 2.020000 0.000000 21.874000 12.928000
100 1.047198 2.030000 0.000000 20.902000 12.086000
100 1.047198 2.040000 0.000000 20.316000 12.506000
100 1.047198 2.050000 0.000000 19.791000 13.181000
100 1.047198 2.060000 0.000000 20.010000 12.588000
100 1.047198 2.070000 0.000000 18.276000 12.985000
100 1.047198 2.080000 0.000000 20.125000 13.125000
100 1.047198 2.090000 0.000000 19.103000 12.730000
100 1.047198 2.100000 0.000000 19.046000 13.105000
100 1.047198 2.110000 0.000000 19.920000 12.079000
100 1.047198 2.120000 0.000000 17.436000 13.186000
100 1.047198 2.130000 0.000000 19.493000 11.650000
100 1.047198 2.140000 0.000000 21.833000 13.263000
100 1.047198 2.150000 0.000000 19.123000 13.285000
100 1.047198 2.160000 0.000000 18.617000 12.925000
100 1.047198 2.170000 0.000000 18.118000 12.737000
100 1.047198 2.180000 0.000000 19.033000 12.995000
100 1.047198 2.190000 0.000000 18.899000 12.638000
100 1.047198 2.200000 0.000000 16.791000 12.249000
100 1.047198 2.210000 0.000000 16.297000 12.755000
100 1.047198 2.220000 0.000000 17.385000 13.350000
100 1.047198 2.230000 0.000000 15.413000 12.869000
100 1.047198 2.240000 0.000000 18.235000 11.864000
100 1.047198 2.250000 0.000000 17.706000 12.765000
100 1.047198 2.260000 0.000000 15.976000 12.584000
100 1.047198 2.270000 0.000000 15.146000 13.737000
100 1.047198 2.280000 0.000000 15.421000 12.340000
100 1.047198 2.290000 0.000000 14.996000 12.266000
100 1.047198 2.300000 0.000000 15.590000 12.849000
100 1.047198 2.310000 0.000000 16.270000 12.235000
100 1.047198 2.320000 0.000000 15.200000 13.318000
100 1.047198 2.330000 0.000000 14.704000 12.448000
100 1.047198 2.340000 0.000000 15.762000 12.145000
100 1.047198 2.350000 0.000000 15.127000 12.864000
100 1.047198 2.360000 0.000000 14.951000 12.668000
100 1.047198 2.370000 0.000000 14.417000 12.027000
100 1.047198 2.380000 0.000000 13.980000 11.977000
100 1.047198 2.390000 0.000000 12.208000 14.918000
100 1.047198 2.400000 0.000000 12.454000 11.943000
100 1.047198 2.410000 0.000000 13.408000 12.334000
100 1.047198 2.420000 0.000000 13.608000 12.445000
100 1.047198 2.430000 0.000000 13.755000 12.460000
100 1.047198 2.450000 0.000000 13.235000 11.838000
100 1.047198 2.460000 0.000000 11.921000 11.743000
100 1.047198 2.470000 0.000000 11.245000 12.717000
100 1.047198 2.480000 0.000000 13.160000 12.240000
100 1.047198 2.490000 0.000000 11.170000 11.790000
100 1.047198 2.500000 0.000000 11.820000 12.213000
100 0.628319 1.000000 0.000000 97.766000 25.553000
100 0.628319 1.010000 0.000000 91.348000 27.125000
100 0.628319 1.020000 0.000000 99.826000 26.573000
100 0.628319 1.030000 0.000000 100.100000 25.118000
100 0.628319 1.040000 0.000000 95.233000 24.760000
100 0.628319 1.050000 0.000000 98.857000 23.325000
100 0.628319 1.060000 0.000000 85.657000 24.685000
100 0.628319 1.070000 0.000000 84.407000 23.866000
100 0.628319 1.080000 0.000000 74.615000 24.949000
100 0.628319 1.090000 0.000000 70.390000 25.089000
100 0.628319 1.100000 0.000000 63.800000 24.359000
100 0.628319 1.110000 0.000000 70.797000 23.167000
100 0.628319 1.120000 0.000000 52.749000 23.995000
100 0.628319 1.130000 0.000000 55.565000 22.871000
100 0.628319 1.140000 0.000000 86.667000 22.512000
100 0.628319 1.150000 0.000000 57.502000 24.781000
100 0.628319 1.160000 0.000000 52.771000 23.188000
100 0.628319 1.170000 0.000000 54.861000 24.341000
100 0.628319 1.180000 0.000000 59.206000 23.523000
100 0.628319 1.190000 0.000000 48.115000 23.342000
100 0.628319 1.200000 0.000000 50.160000 23.783000
100 0.628319 1.220000 0.000000 43.291000 23.865000
100 0.628319 1.230000 0.000000 45.087000 24.017000
100 0.628319 1.240000 0.000000 44.341000 23.956000
100 0.628319 1.250000 0.000000 45.151000 23.150000
100 0.628319 1.260000 0.000000 39.909000 23.975000
100 0.628319 1.270000 0.000000 41.631000 23.608000
100 0.628319 1.290000 0.000000 36.976000 24.711000
100 0.628319 1.300000 0.000000 41.163000 23.006000
100 0.628319 1.310000 0.000000 37.566000 24.292000
100 0.628319 1.320000 0.000000 35.228000 23.291000
100 0.628319 1.330000 0.000000 34.317000 24.103000
100 0.628319 1.340000 0.000000 36.256000 23.150000
100 0.628319 1.350000 0.000000 36.876000 23.233000
100 0.628319 1.360000 0.000000 35.182000 22.609000
100 0.628319 1.370000 0.000000 37.983000 23.834000
100 0.628319 1.380000 0.000000 31.262000 24.412000
100 0.628319 1.390000 0.000000 36.545000 23.444000
100 0.628319 1.400000 0.000000 32.103000 22.292000
100 0.628319 1.410000 0.000000 32.983000 22.453000
100 0.628319 1.430000 0.000000 29.777000 22.321000
100 0.628319 1.440000 0.000000 32.188000 23.738000
100 0.628319 1.450000 0.000000 31.107000 22.922000
100 0.628319 1.460000 0.000000 32.192000 22.918000
100 0.628319 1.470000 0.000000 29.017000 23.947000
100 0.628319 1.480000 0.000000 29.798000 22.380000
100 0.628319 1.490000 0.000000 28.998000 23.829000
100 0.628319 1.500000 0.000000 31.040000 23.091000
100 0.628319 1.510000 0.000000 28.462000 23.428000
100 0.628319 1.520000 0.000000 28.417000 22.318000
100 0.628319 1.530000 0.000000 27.318000 24.975000
100 0.628319 1.540000 0.000000 29.134000 22.930000
100 0.628319 1.550000 0.000000 27.806000 23.853000
100 0.628319 1.560000 0.000000 26.696000 22.772000
100 0.628319 1.570000 0.000000 27.447000 22.559000
100 0.628319 1.580000 0.000000 24.442000 23.015000
100 0.628319 1.590000 0.000000 25.893000 23.720000
100 0.628319 1.600000 0.000000 25.362000 22.529000
100 0.628319 1.610000 0.000000 25.896000 22.646000
100 0.628319 1.620000 0.000000 26.056000 23.568000
100 0.628319 1.630000 0.000000 27.155000 23.651000
100 0.628319 1.640000 0.000000 26.420000 22.270000
100 0.628319 1.650000 0.000000 26.455000 23.053000
100 0.628319 1.660000 0.000000 23.937000 24.075000
100 0.628319 1.670000 0.000000 22.560000 22.424000
100 0.628319 1.680000 0.000000 27.527000 20.683000
100 0.628319 1.690000 0.000000 24.522000 21.978000
100 0.628319 1.700000 0.000000 24.362000 21.916000
100 0.628319 1.710000 0.000000 25.653000 20.508000
100 0.628319 1.720000 0.000000 24.688000 22.520000
100 0.628319 1.730000 0.000000 23.259000 21.659000
100 0.628319 1.740000 0.000000 22.507000 22.658000
100 0.628319 1.750000 0.000000 21.975000 23.254000
100 0.628319 1.760000 0.000000 21.577000 22.802000
100 0.628319 1.770000 0.000000 21.073000 23.173000
100 0.628319 1.780000 0.000000 21.176000 23.635000
100 0.628319 1.790000 0.000000 22.197000 21.675000
100 0.628319 1.800000 0.000000 21.429000 22.173000
100 0.628319 1.810000 0.000000 21.954000 21.791000
100 0.628319 1.820000 0.000000 21.472000 22.559000
100 0.628319 1.830000 0.000000 21.195000 21.654000
100 0.628319 1.840000 0.000000 21.618000 21.305000
100 0.628319 1.850000 0.000000 20.661000 23.427000
100 0.628319 1.860000 0.000000 21.333000 22.562000
100 0.628319 1.870000 0.000000 21.703000 20.718000
100 0.628319 1.880000 0.000000 19.342000 23.064000
100 0.628319 1.890000 0.000000 18.976000 23.947000
100 0.628319 1.900000 0.000000 20.471000 21.515000
100 0.628319 1.910000 0.000000 19.990000 21.679000
100 0.628319 1.920000 0.000000 20.935000 21.305000
100 0.628319 1.930000 0.000000 21.402000 21.620000
100 0.628319 1.940000 0.000000 20.207000 21.860000
100 0.628319 1.950000 0.000000 18.310000 22.007000
100 0.628319 1.960000 0.000000 17.480000 22.637000
100 0.628319 1.970000 0.000000 20.807000 21.349000
100 0.628319 1.980000 0.000000 19.058000 22.223000
100 0.628319 1.990000 0.000000 19.797000 20.394000
100 0.628319 2.000000 0.000000 18.828000 21.764000
100 0.628319 2.010000 0.000000 17.333000 21.244000
100 0.628319 2.020000 0.000000 17.590000 22.382000
100 0.628319 2.030000 0.000000 18.247000 21.913000
100 0.628319 2.040000 0.000000 17.566000 21.383000
100 0.628319 2.050000 0.000000 17.190000 21.858000
100 0.628319 2.060000 0.000000 18.124000 22.673000
100 0.628319 2.070000 0.000000 17.055000 21.813000
100 0.628319 2.080000 0.000000 18.521000 20.632000
100 0.628319 2.090000 0.000000 17.860000 20.998000
100 0.628319 2.100000 0.000000 16.083000 21.436000
100 0.628319 2.110000 0.000000 16.781000 21.847000
100 0.628319 2.120000 0.000000 16.917000 22.575000
100 0.628319 2.130000 0.000000 14.556000 22.774000
100 0.628319 2.140000 0.000000 16.322000 20.753000
100 0.628319 2.150000 0.000000 16.803000 21.273000
100 0.628319 2.160000 0.000000 15.007000 21.873000
100 0.628319 2.170000 0.000000 16.690000 21.709000
100 0.628319 2.180000 0.000000 15.880000 21.752000
100 0.628319 2.190000 0.000000 15.904000 21.652000
100 0.628319 2.200000 0.000000 16.240000 19.708000
100 0.628319 2.220000 0.000000 15.696000 20.888000
100 0.628319 2.230000 0.000000 14.304000 21.999000
100 0.628319 2.240000 0.000000 15.915000 20.872000
100 0.628319 2.250000 0.000000 16.741000 20.662000
100 0.628319 2.260000 0.000000 14.924000 21.309000
100 0.628319 2.270000 0.000000 13.716000 21.997000
100 0.628319 2.280000 0.000000 15.979000 20.441000
100 0.628319 2.290000 0.000000 15.784000 21.580000
100 0.628319 2.300000 0.000000 15.129000 22.921000
100 0.628319 2.310000 0.000000 15.249000 20.104000
100 0.628319 2.320000 0.000000 14.419000 21.279000
100 0.628319 2.330000 0.000000 14.045000 21.339000
100 0.628319 2.340000 0.000000 14.572000 21.757000
100 0.628319 2.350000 0.000000 14.656000 20.976000
100 0.628319 2.360000 0.000000 14.940000 22.054000
100 0.628319 2.370000 0.000000 13.876000 21.737000
100 0.628319 2.380000 0.000000 15.446000 20.765000
100 0.628319 2.390000 0.000000 13.130000 22.020000
100 0.628319 2.400000 0.000000 11.929000 20.834000
100 0.628319 2.410000 0.000000 13.220000 21.943000
100 0.628319 2.420000 0.000000 13.122000 20.497000
100 0.628319 2.430000 0.000000 13.561000 19.860000
100 0.628319 2.440000 0.000000 14.266000 20.447000
100 0.628319 2.450000 0.000000 13.028000 21.895000
100 0.628319 2.460000 0.000000 11.959000 22.278000
100 0.628319 2.470000 0.000000 11.954000 22.729000
100 0.628319 2.480000 0.000000 12.499000 21.179000
100 0.628319 2.490000 0.000000 13.471000 20.009000
100 0.628319 2.500000 0.000000 15.384000 20.207000
100 0.628319 2.510000 0.000000 12.731000 22.212000
100 0.628319 2.520000 0.000000 11.887000 21.007000
100 0.628319 2.530000 0.000000 13.328000 18.816000
100 0.628319 2.540000 0.000000 11.596000 22.968000
100 0.628319 2.550000 0.000000 11.141000 21.054000
100 0.628319 2.570000 0.000000 14.251000 19.921000
100 0.628319 2.580000 0.000000 12.952000 19.960000
100 0.628319 2.590000 0.000000 10.558000 21.537000
100 0.628319 2.600000 0.000000 11.844000 21.144000
100 0.628319 2.610000 0.000000 10.786000 21.124000
100 0.628319 2.630000 0.000000 13.197000 20.939000
100 0.628319 2.640000 0.000000 12.102000 21.971000
100 0.628319 2.650000 0.000000 10.551000 22.917000
100 0.628319 2.660000 0.000000 10.350000 22.018000
100 0.628319 2.670000 0.000000 11.470000 21.639000
100 0.628319 2.680000 0.000000 11.501000 18.792000
100 0.628319 2.690000 0.000000 11.291000 20.295000
100 0.628319 2.700000 0.000000 11.666000 21.508000
100 0.628319 2.710000 0.000000 11.239000 20.596000
100 0.628319 2.720000 0.000000 11.113000 21.558000
100 0.628319 2.730000 0.000000 10.709000 21.777000
100 0.628319 2.740000 0.000000 10.524000 20.647000
100 0.628319 2.770000 0.000000 10.791000 22.337000
100 0.628319 2.780000 0.000000 9.672500 18.852000
100 0.628319 2.790000 0.000000 10.374000 21.759000
100 0.628319 2.810000 0.000000 9.250900 20.658000
100 0.628319 2.820000 0.000000 11.385000 21.090000
100 0.628319 2.840000 0.000000 9.437500 20.582000
100 0.628319 2.850000 0.000000 10.692000 21.470000
100 0.628319 2.860000 0.000000 10.197000 21.021000
100 0.628319 2.870000 0.000000 9.227700 21.936000
100 0.628319 2.890000 0.000000 11.052000 19.231000
100 0.628319 2.900000 0.000000 8.489300 20.370000
100 0.628319 2.910000 0.000000 9.108900 21.576000
100 0.628319 2.920000 0.000000 9.745300 19.023000
100 0.628319 2.930000 0.000000 8.772700 19.137000
100 0.628319 2.940000 0.000000 10.584000 20.099000
100 0.628319 2.950000 0.000000 7.690200 21.872000
100 0.628319 2.960000 0.000000 8.451700 21.047000
100 0.628319 2.970000 0.000000 8.882600 19.212000
100 0.628319 2.980000 0.000000 8.692000 18.687000
100 0.628319 2.990000 0.000000 6.885400 18.022000
100 0.628319 3.010000 0.000000 7.653500 19.521000
100 0.628319 3.020000 0.000000 9.831400 20.172000
100 0.628319 3.040000 0.000000 8.498000 17.652000
100 0.628319 3.050000 0.000000 6.489100 19.602000
100 0.628319 3.060000 0.000000 6.007500 19.470000
100 0.628319 3.070000 0.000000 7.344300 22.699000
100 0.628319 3.080000 0.000000 7.496100 22.233000
100 0.628319 3.090000 0.000000 7.029800 18.645000
100 0.628319 3.100000 0.000000 7.085200 19.996000
100 0.628319 3.110000 0.000000 6.710900 19.890000
100 0.628319 3.130000 0.000000 5.959500 19.701000
100 0.628319 3.140000 0.000000 5.100800 21.881000
100 0.628319 1.000000 0.392699 100.100000 26.230000
100 0.628319 1.010000 0.392699 98.429000 25.438000
100 0.628319 1.020000 0.392699 99.763000 25.649000
100 0.628319 1.030000 0.392699 97.742000 25.268000
100 0.628319 1.040000 0.392699 94.910000 25.776000
100 0.628319 1.050000 0.392699 84.671000 24.795000
100 0.628319 1.060000 0.392699 90.124000 25.814000
100 0.628319 1.070000 0.392699 84.156000 24.153000
100 0.628319 1.080000 0.392699 83.211000 23.966000
100 0.628319 1.090000 0.392699 72.285000 24.782000
100 0.628319 1.100000 0.392699 63.916000 24.709000
100 0.628319 1.110000 0.392699 59.066000 24.858000
100 0.628319 1.120000 0.392699 77.341000 24.301000
100 0.628319 1.130000 0.392699 64.911000 23.121000
100 0.628319 1.140000 0.392699 60.222000 23.511000
100 0.628319 1.150000 0.392699 59.093000 23.733000
100 0.628319 1.160000 0.392699 53.215000 23.316000
100 0.628319 1.170000 0.392699 47.391000 23.088000
100 0.628319 1.180000 0.392699 47.131000 24.101000
100 0.628319 1.190000 0.392699 50.799000 22.734000
100 0.628319 1.200000 0.392699 49.078000 24.291000
100 0.628319 1.210000 0.392699 47.135000 23.745000
100 0.628319 1.220000 0.392699 41.566000 24.490000
100 0.628319 1.230000 0.392699 47.623000 24.163000
100 0.628319 1.240000 0.392699 40.774000 24.364000
100 0.628319 1.250000 0.392699 41.870000 24.069000
100 0.628319 1.260000 0.392699 40.177000 24.159000
100 0.628319 1.270000 0.392699 44.572000 23.339000
100 0.628319 1.280000 0.392699 41.869000 22.711000
100 0.628319 1.290000 0.392699 41.423000 22.733000
100 0.628319 1.300000 0.392699 41.495000 23.472000
100 0.628319 1.310000 0.392699 37.190000 23.242000
100 0.628319 1.320000 0.392699 36.933000 24.188000
100 0.628319 1.330000 0.392699 38.044000 23.386000
100 0.628319 1.340000 0.392699 39.928000 22.590000
100 0.628319 1.360000 0.392699 34.518000 23.940000
100 0.628319 1.370000 0.392699 32.823000 22.465000
100 0.628319 1.380000 0.392699 30.517000 23.193000
100 0.628319 1.400000 0.392699 32.543000 23.055000
100 0.628319 1.410000 0.392699 30.485000 24.720000
100 0.628319 1.430000 0.392699 31.625000 22.651000
100 0.628319 1.440000 0.392699 27.671000 22.903000
100 0.628319 1.460000 0.392699 30.259000 24.251000
100 0.628319 1.470000 0.392699 27.844000 24.672000
100 0.628319 1.480000 0.392699 26.765000 24.436000
100 0.628319 1.490000 0.392699 28.892000 23.878000
100 0.628319 1.500000 0.392699 30.068000 22.453000
100 0.628319 1.510000 0.392699 28.169000 22.786000
100 0.628319 1.520000 0.392699 28.638000 21.444000
100 0.628319 1.530000 0.392699 26.822000 22.033000
100 0.628319 1.540000 0.392699 29.398000 21.577000
100 0.628319 1.560000 0.392699 26.549000 23.277000
100 0.628319 1.570000 0.392699 25.573000 23.661000
100 0.628319 1.590000 0.392699 25.938000 23.396000
100 0.628319 1.600000 0.392699 26.058000 21.780000
100 0.628319 1.610000 0.392699 24.289000 24.054000
100 0.628319 1.620000 0.392699 25.118000 22.432000
100 0.628319 1.630000 0.392699 24.652000 22.238000
100 0.628319 1.640000 0.392699 26.345000 23.706000
100 0.628319 1.650000 0.392699 25.257000 22.383000
100 0.628319 1.660000 0.392699 24.096000 23.540000
100 0.628319 1.670000 0.392699 25.872000 23.089000
100 0.628319 1.680000 0.392699 23.114000 23.634000
100 0.628319 1.690000 0.392699 21.847000 23.158000
100 0.628319 1.700000 0.392699 24.974000 21.337000
100 0.628319 1.720000 0.392699 22.431000 22.169000
100 0.628319 1.730000 0.392699 23.199000 23.058000
100 0.628319 1.740000 0.392699 21.056000 22.633000
100 0.628319 1.750000 0.392699 22.622000 23.358000
100 0.628319 1.760000 0.392699 22.806000 21.756000
100 0.628319 1.770000 0.392699 20.525000 23.636000
100 0.628319 1.780000 0.392699 22.081000 22.564000
100 0.628319 1.800000 0.392699 21.647000 21.469000
100 0.628319 1.810000 0.392699 22.053000 20.907000
100 0.628319 1.820000 0.392699 22.927000 22.868000
100 0.628319 1.830000 0.392699 21.872000 22.160000
100 0.628319 1.840000 0.392699 21.156000 23.588000
100 0.628319 1.850000 0.392699 21.249000 25.446000
100 0.628319 1.860000 0.392699 22.099000 22.403000
100 0.628319 1.870000 0.392699 20.933000 22.830000
100 0.628319 1.880000 0.392699 18.140000 21.617000
100 0.628319 1.890000 0.392699 19.471000 22.860000
100 0.628319 1.900000 0.392699 18.816000 23.032000
100 0.628319 1.910000 0.392699 20.131000 22.457000
100 0.628319 1.920000 0.392699 20.768000 21.398000
100 0.628319 1.930000 0.392699 18.500000 22.890000
100 0.628319 1.940000 0.392699 20.023000 21.256000
100 0.628319 1.950000 0.392699 19.279000 22.151000
100 0.628319 1.960000 0.392699 19.055000 21.192000
100 0.628319 1.970000 0.392699 17.318000 21.345000
100 0.628319 1.980000 0.392699 17.683000 22.771000
100 0.628319 1.990000 0.392699 15.267000 23.256000
100 0.628319 2.000000 0.392699 18.033000 21.097000
100 0.628319 2.010000 0.392699 18.735000 20.990000
100 0.628319 2.020000 0.392699 17.890000 21.583000
100 0.628319 2.030000 0.392699 17.898000 23.158000
100 0.628319 2.040000 0.392699 18.568000 22.306000
100 0.628319 2.050000 0.392699 18.843000 21.440000
100 0.628319 2.060000 0.392699 16.339000 22.950000
100 0.628319 2.070000 0.392699 17.785000 21.280000
100 0.628319 2.080000 0.392699 16.725000 20.874000
100 0.628319 2.090000 0.392699 16.201000 22.174000
100 0.628319 2.100000 0.392699 16.038000 22.452000
100 0.628319 2.120000 0.392699 15.938000 22.166000
100 0.628319 2.130000 0.392699 16.695000 22.673000
100 0.628319 2.140000 0.392699 16.793000 20.455000
100 0.628319 2.150000 0.392699 16.179000 21.198000
100 0.628319 2.160000 0.392699 17.271000 20.619000
100 0.628319 2.170000 0.392699 17.985000 19.560000
100 0.628319 2.180000 0.392699 15.920000 22.148000
100 0.628319 2.190000 0.392699 18.097000 20.850000
100 0.628319 2.200000 0.392699 16.496000 20.769000
100 0.628319 2.210000 0.392699 15.388000 22.520000
100 0.628319 2.220000 0.392699 15.566000 23.617000
100 0.628319 2.230000 0.392699 13.404000 21.101000
100 0.628319 2.240000 0.392699 15.557000 21.501000
100 0.628319 2.250000 0.392699 15.529000 22.358000
100 0.628319 2.260000 0.392699 16.128000 21.113000
100 0.628319 2.270000 0.392699 14.161000 20.500000
100 0.628319 2.280000 0.392699 13.987000 22.302000
100 0.628319 2.290000 0.392699 14.603000 21.995000
100 0.628319 2.300000 0.392699 15.752000 21.134000
100 0.628319 2.310000 0.392699 15.042000 21.074000
100 0.628319 2.320000 0.392699 14.354000 20.268000
100 0.628319 2.330000 0.392699 14.324000 21.898000
100 0.628319 2.340000 0.392699 15.089000 20.458000
100 0.628319 2.350000 0.392699 13.191000 21.253000
100 0.628319 2.360000 0.392699 14.130000 22.362000
100 0.628319 2.370000 0.392699 13.838000 21.897000
100 0.628319 2.380000 0.392699 14.316000 21.556000
100 0.628319 2.390000 0.392699 13.542000 21.941000
100 0.628319 2.400000 0.392699 12.021000 22.404000
100 0.628319 2.410000 0.392699 13.579000 20.680000
100 0.628319 2.420000 0.392699 13.199000 21.449000
100 0.628319 2.430000 0.392699 12.660000 22.370000
100 0.628319 2.440000 0.392699 12.400000 19.597000
100 0.628319 2.450000 0.392699 11.819000 22.874000
100 0.628319 2.460000 0.392699 12.538000 22.502000
100 0.628319 2.470000 0.392699 13.714000 21.536000
100 0.628319 2.480000 0.392699 14.279000 19.243000
100 0.628319 2.490000 0.392699 12.903000 22.654000
100 0.628319 2.500000 0.392699 12.750000 21.309000
100 0.628319 2.510000 0.392699 13.677000 21.501000
100 0.628319 2.520000 0.392699 12.626000 20.912000
100 0.628319 2.530000 0.392699 14.268000 20.102000
100 0.628319 2.540000 0.392699 12.657000 21.322000
100 0.628319 2.550000 0.392699 12.558000 20.258000
100 0.628319 2.560000 0.392699 12.409000 21.682000
100 0.628319 2.570000 0.392699 12.589000 20.884000
100 0.628319 2.580000 0.392699 11.757000 21.016000
100 0.628319 2.590000 0.392699 11.728000 22.018000
100 0.628319 2.600000 0.392699 12.653000 20.198000
100 0.628319 2.610000 0.392699 11.049000 21.481000
100 0.628319 2.620000 0.392699 10.127000 20.506000
100 0.628319 2.630000 0.392699 11.943000 21.803000
100 0.628319 2.640000 0.392699 13.362000 20.496000
100 0.628319 2.650000 0.392699 12.323000 21.233000
100 0.628319 2.660000 0.392699 11.312000 21.612000
100 0.628319 2.680000 0.392699 11.120000 21.543000
100 0.628319 2.690000 0.392699 11.816000 20.190000
100 0.628319 2.700000 0.392699 11.274000 22.575000
100 0.628319 2.710000 0.392699 11.352000 21.242000
100 0.628319 2.720000 0.392699 10.900000 20.437000
100 0.628319 2.730000 0.392699 11.256000 20.438000
100 0.628319 2.740000 0.392699 8.872800 20.506000
100 0.628319 2.750000 0.392699 11.415000 20.165000
100 0.628319 2.760000 0.392699 9.955900 22.448000
100 0.628319 2.770000 0.392699 10.153000 20.265000
100 0.628319 2.780000 0.392699 9.567400 21.511000
100 0.628319 2.790000 0.392699 9.601100 21.359000
100 0.628319 2.810000 0.392699 8.729000 24.432000
100 0.628319 2.820000 0.392699 8.109000 26.258000
100 0.628319 2.830000 0.392699 8.874200 20.822000
100 0.628319 2.840000 0.392699 8.983100 21.404000
100 0.628319 2.850000 0.392699 9.269400 21.303000
100 0.628319 2.860000 0.392699 9.764400 20.086000
100 0.628319 2.870000 0.392699 8.367600 22.762000
100 0.628319 2.880000 0.392699 10.063000 19.484000
100 0.628319 2.890000 0.392699 7.652500 21.239000
100 0.628319 2.900000 0.392699 8.557300 23.147000
100 0.628319 2.910000 0.392699 8.993000 21.176000
100 0.628319 2.920000 0.392699 7.819900 23.076000
100 0.628319 2.930000 0.392699 7.467300 24.887000
100 0.628319 2.950000 0.392699 8.751200 19.811000
100 0.628319 2.960000 0.392699 7.368600 21.897000
100 0.628319 2.970000 0.392699 7.907400 20.010000
100 0.628319 2.980000 0.392699 7.860300 21.040000
100 0.628319 2.990000 0.392699 8.894500 20.452000
100 0.628319 3.000000 0.392699 7.247200 19.191000
100 0.628319 3.010000 0.392699 7.193200 21.341000
100 0.628319 3.020000 0.392699 7.737600 19.155000
100 0.628319 3.030000 0.392699 5.672800 22.107000
100 0.628319 3.040000 0.392699 8.104000 25.524000
100 0.628319 3.050000 0.392699 6.176200 19.825000
100 0.628319 3.070000 0.392699 7.464800 21.583000
100 0.628319 3.080000 0.392699 5.473900 17.987000
100 0.628319 3.090000 0.392699 5.334100 18.392000
100 0.628319 3.100000 0.392699 7.671300 18.692000
100 0.628319 3.110000 0.392699 5.766400 17.071000
100 0.628319 3.130000 0.392699 6.662900 25.579000
100 0.628319 3.140000 0.392699 4.824300 20.439000
100 0.628319 3.150000 0.392699 4.796100 20.483000
100 0.628319 1.000000 0.628319 100.100000 27.111000
100 0.628319 1.010000 0.628319 99.279000 25.580000
100 0.628319 1.020000 0.628319 100.100000 25.870000
100 0.628319 1.030000 0.628319 99.976000 25.822000
100 0.628319 1.040000 0.628319 95.479000 25.618000
100 0.628319 1.050000 0.628319 97.897000 23.891000
100 0.628319 1.060000 0.628319 93.298000 24.355000
100 0.628319 1.070000 0.628319 86.439000 25.099000
100 0.628319 1.080000 0.628319 78.745000 25.511000
100 0.628319 1.090000 0.628319 77.000000 23.894000
100 0.628319 1.100000 0.628319 79.719000 24.273000
100 0.628319 1.110000 0.628319 84.492000 23.269000
100 0.628319 1.120000 0.628319 71.117000 24.791000
100 0.628319 1.130000 0.628319 64.633000 23.045000
100 0.628319 1.140000 0.628319 63.874000 24.083000
100 0.628319 1.150000 0.628319 56.783000 24.060000
100 0.628319 1.160000 0.628319 53.669000 23.625000
100 0.628319 1.170000 0.628319 55.201000 24.477000
100 0.628319 1.180000 0.628319 51.686000 24.235000
100 0.628319 1.190000 0.628319 55.800000 24.135000
100 0.628319 1.200000 0.628319 41.859000 24.168000
100 0.628319 1.210000 0.628319 47.941000 24.908000
100 0.628319 1.220000 0.628319 46.572000 25.071000
100 0.628319 1.230000 0.628319 48.150000 24.110000
100 0.628319 1.240000 0.628319 46.187000 24.705000
100 0.628319 1.250000 0.628319 45.357000 23.980000
100 0.628319 1.260000 0.628319 39.328000 24.192000
100 0.628319 1.270000 0.628319 37.205000 24.055000
100 0.628319 1.290000 0.628319 37.845000 23.417000
100 0.628319 1.300000 0.628319 37.374000 24.118000
100 0.628319 1.310000 0.628319 37.418000 22.056000
100 0.628319 1.320000 0.628319 36.475000 24.491000
100 0.628319 1.330000 0.628319 36.191000 23.007000
100 0.628319 1.340000 0.628319 34.555000 23.292000
100 0.628319 1.350000 0.628319 35.629000 23.437000
100 0.628319 1.360000 0.628319 34.208000 24.143000
100 0.628319 1.380000 0.628319 29.511000 24.701000
100 0.628319 1.390000 0.628319 34.483000 22.827000
100 0.628319 1.400000 0.628319 34.801000 24.093000
100 0.628319 1.410000 0.628319 32.160000 24.155000
100 0.628319 1.420000 0.628319 33.969000 23.887000
100 0.628319 1.430000 0.628319 33.575000 21.772000
100 0.628319 1.440000 0.628319 31.889000 21.784000
100 0.628319 1.450000 0.628319 31.452000 23.396000
100 0.628319 1.460000 0.628319 27.626000 25.327000
100 0.628319 1.470000 0.628319 26.284000 23.909000
100 0.628319 1.480000 0.628319 27.948000 22.748000
100 0.628319 1.490000 0.628319 28.651000 22.429000
100 0.628319 1.500000 0.628319 25.225000 23.933000
100 0.628319 1.510000 0.628319 28.014000 22.239000
100 0.628319 1.520000 0.628319 27.763000 22.543000
100 0.628319 1.530000 0.628319 26.096000 22.860000
100 0.628319 1.540000 0.628319 28.088000 24.046000
100 0.628319 1.550000 0.628319 28.230000 22.830000
100 0.628319 1.560000 0.628319 27.041000 22.013000
100 0.628319 1.570000 0.628319 25.945000 23.906000
100 0.628319 1.590000 0.628319 27.383000 21.614000
100 0.628319 1.600000 0.628319 26.335000 22.302000
100 0.628319 1.610000 0.628319 24.863000 24.156000
100 0.628319 1.620000 0.628319 24.258000 23.134000
100 0.628319 1.630000 0.628319 22.369000 22.605000
100 0.628319 1.640000 0.628319 25.250000 23.013000
100 0.628319 1.650000 0.628319 21.701000 23.557000
100 0.628319 1.660000 0.628319 22.459000 22.607000
100 0.628319 1.670000 0.628319 22.580000 22.361000
100 0.628319 1.690000 0.628319 24.258000 23.108000
100 0.628319 1.710000 0.628319 23.621000 23.829000
100 0.628319 1.720000 0.628319 24.268000 22.029000
100 0.628319 1.730000 0.628319 21.223000 23.339000
100 0.628319 1.740000 0.628319 22.170000 23.745000
100 0.628319 1.750000 0.628319 21.022000 23.757000
100 0.628319 1.760000 0.628319 21.980000 23.474000
100 0.628319 1.770000 0.628319 21.727000 22.812000
100 0.628319 1.780000 0.628319 20.854000 22.707000
100 0.628319 1.790000 0.628319 18.925000 23.746000
100 0.628319 1.800000 0.628319 22.877000 22.608000
100 0.628319 1.810000 0.628319 19.843000 24.009000
100 0.628319 1.820000 0.628319 19.901000 22.474000
100 0.628319 1.830000 0.628319 21.741000 21.980000
100 0.628319 1.840000 0.628319 19.785000 22.183000
100 0.628319 1.850000 0.628319 18.863000 23.189000
100 0.628319 1.860000 0.628319 20.483000 23.759000
100 0.628319 1.870000 0.628319 20.600000 20.852000
100 0.628319 1.880000 0.628319 20.534000 21.872000
100 0.628319 1.890000 0.628319 19.950000 21.095000
100 0.628319 1.900000 0.628319 19.206000 22.157000
100 0.628319 1.910000 0.628319 19.429000 22.683000
100 0.628319 1.920000 0.628319 20.311000 22.547000
100 0.628319 1.930000 0.628319 17.703000 22.330000
100 0.628319 1.940000 0.628319 19.368000 21.940000
100 0.628319 1.950000 0.628319 19.494000 20.193000
100 0.628319 1.960000 0.628319 18.054000 23.539000
100 0.628319 1.970000 0.628319 19.480000 22.853000
100 0.628319 1.980000 0.628319 17.448000 21.803000
100 0.628319 1.990000 0.628319 16.687000 22.577000
100 0.628319 2.000000 0.628319 17.181000 22.855000
100 0.628319 2.010000 0.628319 17.722000 22.219000
100 0.628319 2.020000 0.628319 17.355000 22.696000
100 0.628319 2.030000 0.628319 15.820000 22.628000
100 0.628319 2.040000 0.628319 16.110000 23.405000
100 0.628319 2.050000 0.628319 17.114000 23.174000
100 0.628319 2.060000 0.628319 17.350000 23.155000
100 0.628319 2.070000 0.628319 16.847000 21.221000
100 0.628319 2.080000 0.628319 15.628000 20.618000
100 0.628319 2.090000 0.628319 15.825000 22.995000
100 0.628319 2.100000 0.628319 17.183000 20.876000
100 0.628319 2.110000 0.628319 15.690000 23.477000
100 0.628319 2.120000 0.628319 16.275000 21.190000
100 0.628319 2.130000 0.628319 16.353000 22.855000
100 0.628319 2.140000 0.628319 16.843000 21.296000
100 0.628319 2.150000 0.628319 18.212000 22.064000
100 0.628319 2.160000 0.628319 14.448000 22.222000
100 0.628319 2.170000 0.628319 16.951000 20.370000
100 0.628319 2.180000 0.628319 17.535000 19.955000
100 0.628319 2.190000 0.628319 15.879000 21.520000
100 0.628319 2.200000 0.628319 14.448000 23.353000
100 0.628319 2.210000 0.628319 14.841000 22.221000
100 0.628319 2.220000 0.628319 15.571000 20.870000
100 0.628319 2.230000 0.628319 14.889000 20.697000
100 0.628319 2.240000 0.628319 16.086000 22.455000
100 0.628319 2.250000 0.628319 15.099000 20.890000
100 0.628319 2.260000 0.628319 14.450000 21.824000
100 0.628319 2.270000 0.628319 14.969000 20.722000
100 0.628319 2.280000 0.628319 14.603000 21.339000
100 0.628319 2.290000 0.628319 15.379000 22.213000
100 0.628319 2.300000 0.628319 14.079000 20.248000
100 0.628319 2.310000 0.628319 14.917000 19.918000
100 0.628319 2.320000 0.628319 14.099000 20.000000
100 0.628319 2.330000 0.628319 13.579000 22.564000
100 0.628319 2.340000 0.628319 13.962000 22.175000
100 0.628319 2.350000 0.628319 11.158000 23.876000
100 0.628319 2.360000 0.628319 14.816000 21.524000
100 0.628319 2.370000 0.628319 12.944000 21.659000
100 0.628319 2.380000 0.628319 12.552000 22.016000
100 0.628319 2.390000 0.628319 12.946000 21.759000
100 0.628319 2.400000 0.628319 12.659000 21.788000
100 0.628319 2.410000 0.628319 12.888000 22.453000
100 0.628319 2.420000 0.628319 11.305000 18.781000
100 0.628319 2.430000 0.628319 11.457000 22.106000
100 0.628319 2.450000 0.628319 12.065000 21.696000
100 0.628319 2.460000 0.628319 12.730000 20.769000
100 0.628319 2.470000 0.628319 12.300000 21.723000
100 0.628319 2.480000 0.628319 11.975000 21.379000
100 0.628319 2.490000 0.628319 10.162000 22.843000
100 0.628319 2.500000 0.628319 11.982000 20.871000
100 0.628319 2.510000 0.628319 12.887000 23.135000
100 0.628319 2.520000 0.628319 14.622000 21.204000
100 0.628319 2.530000 0.628319 11.587000 19.726000
100 0.628319 2.540000 0.628319 10.014000 20.301000
100 0.628319 2.560000 0.628319 11.739000 20.493000
100 0.628319 2.570000 0.628319 12.224000 20.691000
100 0.628319 2.580000 0.628319 10.987000 20.789000
100 0.628319 2.590000 0.628319 12.343000 19.150000
100 0.628319 2.600000 0.628319 10.677000 20.930000
100 0.628319 2.610000 0.628319 10.862000 23.404000
100 0.628319 2.620000 0.628319 13.085000 19.312000
100 0.628319 2.630000 0.628319 9.852400 22.510000
100 0.628319 2.650000 0.628319 10.197000 20.992000
100 0.628319 2.660000 0.628319 9.492900 21.849000
100 0.628319 2.670000 0.628319 11.170000 21.358000
100 0.628319 2.680000 0.628319 10.231000 22.997000
100 0.628319 2.690000 0.628319 9.048800 21.303000
100 0.628319 2.700000 0.628319 9.693600 20.814000
100 0.628319 2.710000 0.628319 10.087000 22.376000
100 0.628319 2.720000 0.628319 10.476000 21.736000
100 0.628319 2.740000 0.628319 10.642000 21.386000
100 0.628319 2.750000 0.628319 10.227000 20.755000
100 0.628319 2.770000 0.628319 10.647000 19.267000
100 0.628319 2.780000 0.628319 9.737700 20.086000
100 0.628319 2.790000 0.628319 8.310800 23.310000
100 0.628319 2.800000 0.628319 10.533000 20.647000
100 0.628319 2.830000 0.628319 9.481100 19.184000
100 0.628319 2.840000 0.628319 8.276600 23.484000
100 0.628319 2.850000 0.628319 7.265500 23.440000
100 0.628319 2.860000 0.628319 9.069400 21.156000
100 0.628319 2.870000 0.628319 9.233100 21.066000
100 0.628319 2.880000 0.628319 9.267700 21.223000
100 0.628319 2.890000 0.628319 8.446200 21.913000
100 0.628319 2.900000 0.628319 7.412600 19.133000
100 0.628319 2.910000 0.628319 8.417200 22.356000
100 0.628319 2.930000 0.628319 8.133100 21.187000
100 0.628319 2.950000 0.628319 7.453200 22.439000
100 0.628319 2.960000 0.628319 6.900000 18.314000
100 0.628319 2.970000 0.628319 6.953800 22.140000
100 0.628319 2.980000 0.628319 7.312200 19.532000
100 0.628319 2.990000 0.628319 4.887600 21.482000
100 0.628319 3.010000 0.628319 5.335000 21.552000
100 0.628319 3.020000 0.628319 5.320400 20.278000
100 0.628319 3.030000 0.628319 5.030400 19.573000
100 0.628319 3.040000 0.628319 8.768300 20.868000
100 0.628319 3.070000 0.628319 5.225600 18.791000
100 0.628319 3.100000 0.628319 6.249700 20.032000
100 0.628319 3.120000 0.628319 5.616300 20.587000
100 0.628319 3.140000 0.628319 5.840400 22.490000
100 0.628319 3.150000 0.628319 5.405600 20.136000
100 0.628319 1.000000 1.047198 97.998000 25.829000
100 0.628319 1.010000 1.047198 98.363000 25.284000
100 0.628319 1.020000 1.047198 100.100000 25.394000
100 0.628319 1.030000 1.047198 96.780000 25.346000
100 0.628319 1.040000 1.047198 99.051000 25.631000
100 0.628319 1.050000 1.047198 99.568000 23.574000
100 0.628319 1.060000 1.047198 97.019000 24.986000
100 0.628319 1.070000 1.047198 97.766000 24.818000
100 0.628319 1.080000 1.047198 91.536000 25.407000
100 0.628319 1.090000 1.047198 90.783000 24.601000
100 0.628319 1.100000 1.047198 84.066000 24.176000
100 0.628319 1.110000 1.047198 80.056000 23.720000
100 0.628319 1.120000 1.047198 75.689000 23.464000
100 0.628319 1.130000 1.047198 77.567000 24.840000
100 0.628319 1.140000 1.047198 73.655000 25.138000
100 0.628319 1.150000 1.047198 65.010000 23.676000
100 0.628319 1.160000 1.047198 59.354000 24.694000
100 0.628319 1.170000 1.047198 56.613000 23.995000
100 0.628319 1.180000 1.047198 78.589000 22.604000
100 0.628319 1.190000 1.047198 56.923000 23.470000
100 0.628319 1.200000 1.047198 53.923000 24.312000
100 0.628319 1.210000 1.047198 56.145000 25.220000
100 0.628319 1.220000 1.047198 54.553000 24.387000
100 0.628319 1.230000 1.047198 51.023000 24.706000
100 0.628319 1.240000 1.047198 51.913000 24.069000
100 0.628319 1.250000 1.047198 44.643000 22.119000
100 0.628319 1.260000 1.047198 42.149000 23.608000
100 0.628319 1.270000 1.047198 51.411000 23.325000
100 0.628319 1.280000 1.047198 44.666000 23.097000
100 0.628319 1.290000 1.047198 43.736000 23.539000
100 0.628319 1.300000 1.047198 41.987000 22.623000
100 0.628319 1.310000 1.047198 43.536000 24.143000
100 0.628319 1.320000 1.047198 43.123000 24.445000
100 0.628319 1.330000 1.047198 37.498000 23.595000
100 0.628319 1.340000 1.047198 41.598000 24.761000
100 0.628319 1.350000 1.047198 42.061000 22.754000
100 0.628319 1.360000 1.047198 33.825000 23.834000
100 0.628319 1.370000 1.047198 38.047000 23.552000
100 0.628319 1.380000 1.047198 34.666000 24.407000
100 0.628319 1.390000 1.047198 38.068000 23.407000
100 0.628319 1.400000 1.047198 34.972000 24.682000
100 0.628319 1.410000 1.047198 35.032000 22.411000
100 0.628319 1.420000 1.047198 30.576000 22.425000
100 0.628319 1.430000 1.047198 34.087000 23.894000
100 0.628319 1.440000 1.047198 34.875000 24.583000
100 0.628319 1.450000 1.047198 30.425000 24.079000
100 0.628319 1.460000 1.047198 30.240000 23.325000
100 0.628319 1.470000 1.047198 28.941000 24.122000
100 0.628319 1.480000 1.047198 30.807000 24.040000
100 0.628319 1.490000 1.047198 30.024000 22.051000
100 0.628319 1.500000 1.047198 27.731000 23.021000
100 0.628319 1.510000 1.047198 26.298000 23.851000
100 0.628319 1.520000 1.047198 29.784000 21.687000
100 0.628319 1.530000 1.047198 27.451000 23.548000
100 0.628319 1.540000 1.047198 27.533000 22.944000
100 0.628319 1.550000 1.047198 26.745000 23.001000
100 0.628319 1.560000 1.047198 25.991000 23.880000
100 0.628319 1.570000 1.047198 28.845000 22.112000
100 0.628319 1.580000 1.047198 25.491000 23.108000
100 0.628319 1.590000 1.047198 25.431000 23.142000
100 0.628319 1.600000 1.047198 25.426000 22.379000
100 0.628319 1.610000 1.047198 24.210000 22.826000
100 0.628319 1.620000 1.047198 25.250000 22.404000
100 0.628319 1.630000 1.047198 26.988000 24.629000
100 0.628319 1.640000 1.047198 24.218000 24.324000
100 0.628319 1.650000 1.047198 23.000000 22.706000
100 0.628319 1.660000 1.047198 22.536000 24.153000
100 0.628319 1.670000 1.047198 23.548000 24.019000
100 0.628319 1.680000 1.047198 21.683000 23.196000
100 0.628319 1.690000 1.047198 22.651000 23.117000
100 0.628319 1.700000 1.047198 21.079000 22.958000
100 0.628319 1.710000 1.047198 21.175000 24.178000
100 0.628319 1.720000 1.047198 21.815000 22.210000
100 0.628319 1.730000 1.047198 22.047000 23.208000
100 0.628319 1.740000 1.047198 20.766000 23.644000
100 0.628319 1.750000 1.047198 23.652000 21.386000
100 0.628319 1.760000 1.047198 22.474000 22.065000
100 0.628319 1.770000 1.047198 20.324000 21.404000
100 0.628319 1.780000 1.047198 20.100000 22.145000
100 0.628319 1.800000 1.047198 21.780000 23.491000
100 0.628319 1.810000 1.047198 18.839000 22.777000
100 0.628319 1.820000 1.047198 21.504000 22.179000
100 0.628319 1.830000 1.047198 19.896000 23.146000
100 0.628319 1.840000 1.047198 20.083000 22.664000
100 0.628319 1.850000 1.047198 19.484000 23.905000
100 0.628319 1.860000 1.047198 20.371000 22.157000
100 0.628319 1.870000 1.047198 18.360000 22.855000
100 0.628319 1.880000 1.047198 18.764000 22.661000
100 0.628319 1.890000 1.047198 17.956000 22.387000
100 0.628319 1.900000 1.047198 20.916000 20.309000
100 0.628319 1.910000 1.047198 18.364000 21.144000
100 0.628319 1.920000 1.047198 16.709000 22.946000
100 0.628319 1.930000 1.047198 16.561000 23.551000
100 0.628319 1.940000 1.047198 17.416000 21.360000
100 0.628319 1.950000 1.047198 18.384000 24.080000
100 0.628319 1.960000 1.047198 17.577000 22.161000
100 0.628319 1.970000 1.047198 16.177000 22.855000
100 0.628319 1.980000 1.047198 16.533000 22.864000
100 0.628319 1.990000 1.047198 16.586000 22.785000
100 0.628319 2.000000 1.047198 18.953000 22.422000
100 0.628319 2.010000 1.047198 16.997000 22.965000
100 0.628319 2.020000 1.047198 14.801000 24.291000
100 0.628319 2.030000 1.047198 16.580000 23.380000
100 0.628319 2.040000 1.047198 17.129000 21.626000
100 0.628319 2.050000 1.047198 15.332000 22.945000
100 0.628319 2.060000 1.047198 15.206000 23.152000
100 0.628319 2.070000 1.047198 14.541000 21.529000
100 0.628319 2.080000 1.047198 17.164000 22.262000
100 0.628319 2.090000 1.047198 18.076000 21.805000
100 0.628319 2.100000 1.047198 16.941000 21.445000
100 0.628319 2.110000 1.047198 12.809000 22.140000
100 0.628319 2.120000 1.047198 13.794000 22.270000
100 0.628319 2.130000 1.047198 14.023000 24.176000
100 0.628319 2.140000 1.047198 15.311000 21.535000
100 0.628319 2.150000 1.047198 13.770000 22.921000
100 0.628319 2.160000 1.047198 14.755000 23.825000
100 0.628319 2.170000 1.047198 14.606000 21.136000
100 0.628319 2.180000 1.047198 13.411000 22.657000
100 0.628319 2.190000 1.047198 12.365000 24.742000
100 0.628319 2.200000 1.047198 13.423000 22.425000
100 0.628319 2.210000 1.047198 13.866000 22.955000
100 0.628319 2.220000 1.047198 12.628000 23.434000
100 0.628319 2.230000 1.047198 14.084000 21.669000
100 0.628319 2.240000 1.047198 12.530000 22.325000
100 0.628319 2.250000 1.047198 13.238000 21.740000
100 0.628319 2.260000 1.047198 13.565000 21.244000
100 0.628319 2.270000 1.047198 13.809000 22.641000
100 0.628319 2.280000 1.047198 12.897000 22.042000
100 0.628319 2.290000 1.047198 12.476000 22.843000
100 0.628319 2.300000 1.047198 13.059000 20.337000
100 0.628319 2.310000 1.047198 11.031000 22.745000
100 0.628319 2.320000 1.047198 14.204000 20.996000
100 0.628319 2.330000 1.047198 12.278000 23.584000
100 0.628319 2.340000 1.047198 12.074000 23.837000
100 0.628319 2.350000 1.047198 10.884000 24.639000
100 0.628319 2.360000 1.047198 12.213000 23.751000
100 0.628319 2.370000 1.047198 12.395000 22.104000
100 0.628319 2.380000 1.047198 12.637000 23.230000
100 0.628319 2.390000 1.047198 11.708000 24.206000
100 0.628319 2.400000 1.047198 12.508000 21.738000
100 0.628319 2.410000 1.047198 11.848000 21.182000
100 0.628319 2.420000 1.047198 12.696000 20.880000
100 0.628319 2.430000 1.047198 12.411000 20.624000
100 0.628319 2.440000 1.047198 10.554000 20.864000
100 0.628319 2.450000 1.047198 10.064000 23.523000
100 0.628319 2.460000 1.047198 11.708000 22.359000
100 0.628319 2.470000 1.047198 12.624000 21.636000
100 0.628319 2.490000 1.047198 12.048000 22.132000
100 0.628319 2.500000 1.047198 10.840000 22.711000
100 0.628319 2.510000 1.047198 9.635000 23.681000
100 0.628319 2.520000 1.047198 5.331400 18.441000
100 0.628319 2.530000 1.047198 11.306000 20.375000
100 0.628319 2.540000 1.047198 9.544400 22.764000
100 0.628319 2.550000 1.047198 10.173000 22.040000
100 0.628319 2.560000 1.047198 10.074000 22.050000
100 0.628319 2.570000 1.047198 9.066100 22.096000
100 0.628319 2.580000 1.047198 8.393500 25.042000
100 0.628319 2.590000 1.047198 10.568000 21.831000
100 0.628319 2.600000 1.047198 9.259700 23.877000
100 0.628319 2.610000 1.047198 10.640000 22.226000
100 0.628319 2.650000 1.047198 6.365900 22.424000
100 0.628319 2.660000 1.047198 8.744100 22.077000
100 0.628319 2.670000 1.047198 7.734000 22.833000
100 0.628319 2.690000 1.047198 8.393300 20.591000
100 0.628319 2.700000 1.047198 10.047000 22.562000
100 0.628319 2.710000 1.047198 6.641600 19.696000
100 0.628319 2.720000 1.047198 7.973700 25.282000
100 0.628319 2.730000 1.047198 8.259500 23.051000
100 0.628319 2.740000 1.047198 6.745000 22.870000
100 0.628319 2.750000 1.047198 8.996800 19.661000
100 0.628319 2.770000 1.047198 5.575700 17.666000
100 0.628319 2.780000 1.047198 6.079900 17.968000
100 0.628319 2.810000 1.047198 6.656100 22.478000
100 0.628319 2.840000 1.047198 5.678600 17.297000
100 0.628319 2.860000 1.047198 6.961300 20.528000
100 0.628319 2.870000 1.047198 4.871200 20.105000
100 0.628319 2.880000 1.047198 5.887400 20.588000
100 0.628319 2.890000 1.047198 6.697900 19.095000
100 0.628319 2.900000 1.047198 5.415600 18.171000
100 0.628319 2.910000 1.047198 5.541000 17.750000
100 0.628319 2.920000 1.047198 5.356400 18.951000
100 0.628319 2.930000 1.047198 5.385900 20.370000
100 0.628319 2.940000 1.047198 5.469500 18.345000
100 0.628319 2.950000 1.047198 5.205200 19.431000
100 0.628319 2.960000 1.047198 4.756300 20.612000
100 0.628319 2.980000 1.047198 5.201900 19.425000
100 0.628319 2.990000 1.047198 5.266000 18.677000
100 0.628319 3.020000 1.047198 5.294700 18.355000
100 0.628319 3.030000 1.047198 6.179500 18.233000
100 0.628319 3.050000 1.047198 5.346800 18.448000
100 0.628319 3.060000 1.047198 4.774900 20.666000
100 0.628319 3.070000 1.047198 4.339600 22.521000
100 0.628319 3.080000 1.047198 5.255000 19.922000
100 0.628319 3.110000 1.047198 5.720700 17.376000
100 0.628319 3.120000 1.047198 5.457300 18.288000
100 0.628319 3.130000 1.047198 5.769900 17.313000
100 0.628319 3.140000 1.047198 5.569600 17.952000
100 0.628319 3.150000 1.047198 5.391500 18.262000

